Bowflex Home Gyms,Un-Sourced,CAM28157 SALESFOLLOWUP,Call Center Internal,4/25/2016,4/25/2016,5,10135.26
Bowflex Selecttech Dumbbells,Un-Sourced,CAM40819 1800SELECTTECH,Call Center Internal,4/25/2016,4/25/2016,0,129.53
Bowflex Catalog,Un-Sourced,CAM40820 1800BFXCATALOG,Call Center Internal,4/25/2016,4/25/2016,0,.00
Bowflex Home Gyms,Un-Sourced,CAM40821 1800BOWFLEX,Call Center Internal,4/25/2016,4/25/2016,0,387.29
Treadclimber,Un-Sourced,CAM40825 1800TREADCLIMBER,Call Center Internal,4/25/2016,4/25/2016,7,11729.07
Bowflex Revolution,Un-Sourced,CAM40829 1800REVOLUTION,Call Center Internal,4/25/2016,4/25/2016,0,171.45
Bowflex Max Trainer,Un-Sourced,CAM45327 1800MAXTRAINER,Call Center Internal,4/25/2016,4/25/2016,15,22528.45
Bowflex Home Gyms,Electronic - Short Form,CAM27401 DEFAULTADID,Call Center Internal,4/25/2016,4/26/2016,2,2238.60
Treadclimber,Electronic - Short Form,CAM36104 SAWSF11E,Call Center Internal,4/25/2016,4/26/2016,1,2998.00
Bowflex Max Trainer,Electronic - Short Form,CAM44215 SAWDSEESF14A,Call Center Internal,4/25/2016,4/26/2016,1,149.63
Bowflex Max Trainer,Electronic - Short Form,CAM44218 SAWDSEESF14D,Call Center Internal,4/25/2016,4/26/2016,1,2199.00
Bowflex Max Trainer,Electronic - Short Form,CAM44172 dseesf14a,Web,4/25/2016,4/26/2016,1,1658.00
Bowflex Max Trainer,Electronic - Short Form,CAM49296 DSEESF16B,Web,4/25/2016,4/26/2016,1,1698.00
Bowflex Catalog,Electronic - UnSourced,CAM127 1800BOWFLEX_BFC,Call Center Internal,4/25/2016,4/26/2016,2,2906.99
Treadclimber,Electronic - UnSourced,CAM133 1800BOWFLEX_TRC,Call Center Internal,4/25/2016,4/26/2016,1,3332.09
Bowflex Home Gyms,Electronic - UnSourced,CAM25756 DEGSAWBFG,Call Center Internal,4/25/2016,4/26/2016,4,7184.60
Bowflex Home Gyms,Electronic - UnSourced,CAM28771 degg1siteg,Call Center Internal,4/25/2016,4/26/2016,1,3098.00
Bowflex Max Trainer,Electronic - UnSourced,CAM44236 SAWMAX,Call Center Internal,4/25/2016,4/26/2016,11,20040.43
Bowflex Max Trainer,Electronic - UnSourced,CAM44433 dege1sitemx,Call Center Internal,4/25/2016,4/26/2016,2,3357.00
Bowflex Max Trainer,Electronic - UnSourced,CAM44626 1800BOWFLEX_BMT,Call Center Internal,4/25/2016,4/26/2016,2,3198.00
Treadclimber,Electronic - UnSourced,CAM6025 SAWWEBTC,Call Center Internal,4/25/2016,4/26/2016,4,9989.29
Treadclimber,Electronic - UnSourced,CAM16414 DEGBFTRC,Web,4/25/2016,4/26/2016,1,2029.10
Bowflex Home Gyms,Electronic - UnSourced,CAM16616 DEGBFBHG,Web,4/25/2016,4/26/2016,0,88.94
Bowflex Selecttech Dumbbells,Electronic - UnSourced,CAM23877 degd1sitest,Web,4/25/2016,4/26/2016,7,4838.96
Treadclimber,Electronic - UnSourced,CAM23879 degt1sitetc,Web,4/25/2016,4/26/2016,1,2969.10
Bowflex Home Gyms,Electronic - UnSourced,CAM28771 degg1siteg,Web,4/25/2016,4/26/2016,3,6202.92
Bowflex Home Gyms,Electronic - UnSourced,CAM32136 deggbhg,Web,4/25/2016,4/26/2016,0,41.96
Bowflex Selecttech Dumbbells,Electronic - UnSourced,CAM34888 degdbst,Web,4/25/2016,4/26/2016,0,317.98
Bowflex Max Trainer,Electronic - UnSourced,CAM41189 degemax,Web,4/25/2016,4/26/2016,21,32289.00
Bowflex Max Trainer,Electronic - UnSourced,CAM44433 dege1sitemx,Web,4/25/2016,4/26/2016,16,29000.00
Treadclimber,Online,CAM6110 SAWGOOGTC,Call Center Internal,4/25/2016,4/26/2016,1,2297.08
Bowflex Max Trainer,Online Display,CAM44220 SAWDODRFE,Call Center Internal,4/25/2016,4/26/2016,2,3357.00
Bowflex Max Trainer,Online Display,CAM47239 SAWDODCTOE,Call Center Internal,4/25/2016,4/26/2016,2,2897.00
Bowflex Home Gyms,Online Display,CAM47243 SAWDODCTOG,Call Center Internal,4/25/2016,4/26/2016,1,1049.00
Bowflex Selecttech Dumbbells,Online Display,CAM47244 SAWDODCTOD,Call Center Internal,4/25/2016,4/26/2016,1,349.00
Bowflex Max Trainer,Online Display,CAM47251 DODCTOEDL2,Web,4/25/2016,4/26/2016,4,5905.00
Treadclimber,Online Display,CAM47254 DODCTOTDL1,Web,4/25/2016,4/26/2016,1,2029.10
Bowflex Selecttech Dumbbells,Online Display,CAM47267 DODCTODDL2,Web,4/25/2016,4/26/2016,1,507.99
Bowflex Max Trainer,Online Display,CAM48252 DODMAGEDL1,Web,4/25/2016,4/26/2016,1,2199.00
Bowflex Home Gyms,Online Search,CAM30796 SAWDOSG2G,Call Center Internal,4/25/2016,4/26/2016,1,1412.98
Treadclimber,Online Search,CAM32595 SAWDOSBIT,Call Center Internal,4/25/2016,4/26/2016,2,4435.17
Bowflex Selecttech Dumbbells,Online Search,CAM32596 SAWDOSBID,Call Center Internal,4/25/2016,4/26/2016,1,548.00
Treadclimber,Online Search,CAM44065 SAWDOSG2TMOBILE2,Call Center Internal,4/25/2016,4/26/2016,0,256.41
Bowflex Max Trainer,Online Search,CAM44223 SAWDOSBIE,Call Center Internal,4/25/2016,4/26/2016,3,4297.00
Bowflex Max Trainer,Online Search,CAM44230 SAWDOSG2E,Call Center Internal,4/25/2016,4/26/2016,8,12613.29
Bowflex Max Trainer,Online Search,CAM44539 SAWDOSG2EMOBILE2,Call Center Internal,4/25/2016,4/26/2016,1,1758.00
Bowflex Home Gyms,Online Search,CAM30755 dosg2gsl1,Web,4/25/2016,4/26/2016,1,2822.98
Bowflex Home Gyms,Online Search,CAM31080 dosg2ggl1bf,Web,4/25/2016,4/26/2016,2,3590.88
Treadclimber,Online Search,CAM31082 dosg2tgl1tc,Web,4/25/2016,4/26/2016,1,2988.08
Bowflex Selecttech Dumbbells,Online Search,CAM32678 dosg2dgl1st,Web,4/25/2016,4/26/2016,1,349.00
Treadclimber,Online Search,CAM36885 dosbitsl2,Web,4/25/2016,4/26/2016,1,2969.10
Bowflex Selecttech Dumbbells,Online Search,CAM37432 dosg2dsl18,Web,4/25/2016,4/26/2016,1,349.00
Treadclimber,Online Search,CAM37655 dosbitsl10,Web,4/25/2016,4/26/2016,1,2148.00
Bowflex Home Gyms,Online Search,CAM39440 dosbiggl1bf,Web,4/25/2016,4/26/2016,0,159.97
Treadclimber,Online Search,CAM43666 dosg2tmobile4,Web,4/25/2016,4/26/2016,2,4307.20
Bowflex Max Trainer,Online Search,CAM44429 dosbiesl1,Web,4/25/2016,4/26/2016,3,4306.00
Bowflex Max Trainer,Online Search,CAM44435 dosg2egl1mx,Web,4/25/2016,4/26/2016,3,4247.00
Bowflex Max Trainer,Online Search,CAM44497 dosg2esl1,Web,4/25/2016,4/26/2016,11,17955.99
Bowflex Max Trainer,Online Search,CAM44520 dosbiegl1mx,Web,4/25/2016,4/26/2016,3,5496.00
Bowflex Max Trainer,Online Search,CAM44952 dosbieml1,Web,4/25/2016,4/26/2016,2,3297.00
Bowflex Max Trainer,Online Search,CAM45009 dosg2eml1,Web,4/25/2016,4/26/2016,1,1148.00
Bowflex Max Trainer,Online Search,CAM45729 DOSG2ESL6,Web,4/25/2016,4/26/2016,3,3746.00
Bowflex Max Trainer,Online Search,CAM45730 DOSG2ESL7,Web,4/25/2016,4/26/2016,5,8253.00
Bowflex Max Trainer,Online Search,CAM47150 DOSG2ESL9,Web,4/25/2016,4/26/2016,1,1758.00
Bowflex Max Trainer,Online Search,CAM47151 DOSG2EML2,Web,4/25/2016,4/26/2016,2,3798.00
Treadclimber,Online Search,CAM48473 DOSG2TSL39,Web,4/25/2016,4/26/2016,1,2969.10
Bowflex Max Trainer,Online Search,CAM48984 DOSG2ESL11,Web,4/25/2016,4/26/2016,1,2199.00
Bowflex Selecttech Dumbbells,Online Shopping,CAM32097 SAWDOFYPID,Call Center Internal,4/25/2016,4/26/2016,1,1599.00
Bowflex Catalog,Online Shopping,CAM33953 SAWDOFG2C,Call Center Internal,4/25/2016,4/26/2016,0,78.98
Bowflex Max Trainer,Online Shopping,CAM45043 SAWDOFG2E,Call Center Internal,4/25/2016,4/26/2016,1,1599.00
Treadclimber,Online Shopping,CAM32123 dofg2tfeed1,Web,4/25/2016,4/26/2016,1,2036.49
Bowflex Catalog,Online Shopping,CAM33966 dofg2cfeed1,Web,4/25/2016,4/26/2016,0,29.38
Bowflex Max Trainer,Online Shopping,CAM44887 dofg2efeed1,Web,4/25/2016,4/26/2016,8,11400.00
Treadclimber,Online Shopping,CAM48973 DOFG2TFEED2,Web,4/25/2016,4/26/2016,0,11.48
Bowflex Max Trainer,Online Shopping,CAM48975 DOFG2EFEED2,Web,4/25/2016,4/26/2016,2,2965.99
Bowflex Selecttech Dumbbells,Online Shopping,CAM48979 DOFG2DFEED2,Web,4/25/2016,4/26/2016,1,349.00
Bowflex Catalog,Online Shopping,CAM48980 DOFG2CFEED3,Web,4/25/2016,4/26/2016,0,49.98
Bowflex Max Trainer,Online Social,CAM48200 SAWDOXFBESCODE,Call Center Internal,4/25/2016,4/26/2016,2,4398.00
Bowflex Max Trainer,Online Social,CAM48202 DOXFBESCODE002,Web,4/25/2016,4/26/2016,3,5297.00
Bowflex Max Trainer,Online Social,CAM48203 DOXFBESCODE003,Web,4/25/2016,4/26/2016,5,8913.00
Bowflex Selecttech Dumbbells,Online Social,CAM48207 DOXFBDSCODE001,Web,4/25/2016,4/26/2016,1,549.00
Bowflex Home Gyms,Online Social,CAM48214 DOXFBGSCODE002,Web,4/25/2016,4/26/2016,3,6815.92
Treadclimber,Short Form,CAM48498 INSPN120HKINGTIC,Call Center Internal,4/25/2016,4/26/2016,1,1758.00
Bowflex Max Trainer,Short Form,CAM48746 VEL*N120J14FSTIC,Call Center Internal,4/25/2016,4/26/2016,1,549.00
Bowflex Max Trainer,Short Form,CAM48753 RELZN120J14FSTIC,Call Center Internal,4/25/2016,4/26/2016,1,1599.00
Bowflex Max Trainer,Short Form,CAM48777 VH1CN180JACFSTIC,Call Center Internal,4/25/2016,4/26/2016,1,1758.00
Bowflex Max Trainer,Short Form,CAM48778 DTVSN60*J14FSTIC,Call Center Internal,4/25/2016,4/26/2016,1,1758.00
Treadclimber,Short Form,CAM49229 METVN120BOO16TIC,Call Center Internal,4/25/2016,4/26/2016,1,1049.00
Treadclimber,Short Form,CAM49230 BRNGN120WMN16TIC,Call Center Internal,4/25/2016,4/26/2016,1,2358.00
Bowflex Home Gyms,Un-Sourced,CAM28157 SALESFOLLOWUP,Call Center Internal,4/25/2016,4/26/2016,3,6065.20
Bowflex Home Gyms,Un-Sourced,CAM40821 1800BOWFLEX,Call Center Internal,4/25/2016,4/26/2016,3,6218.58
Treadclimber,Un-Sourced,CAM40825 1800TREADCLIMBER,Call Center Internal,4/25/2016,4/26/2016,7,10830.46
Bowflex Max Trainer,Un-Sourced,CAM45327 1800MAXTRAINER,Call Center Internal,4/25/2016,4/26/2016,10,12959.00
Treadclimber,Electronic - Short Form,CAM36104 SAWSF11E,Call Center Internal,4/25/2016,4/27/2016,0,172.84
Treadclimber,Electronic - Short Form,CAM36608 dsetsf12a,Web,4/25/2016,4/27/2016,3,6336.30
Bowflex Max Trainer,Electronic - Short Form,CAM44172 dseesf14a,Web,4/25/2016,4/27/2016,1,1099.00
Bowflex Selecttech Dumbbells,Electronic - UnSourced,CAM11920 SAWWEBST,Call Center Internal,4/25/2016,4/27/2016,3,1259.52
Treadclimber,Electronic - UnSourced,CAM133 1800BOWFLEX_TRC,Call Center Internal,4/25/2016,4/27/2016,3,7075.98
Bowflex Home Gyms,Electronic - UnSourced,CAM25756 DEGSAWBFG,Call Center Internal,4/25/2016,4/27/2016,1,3396.00
Bowflex Selecttech Dumbbells,Electronic - UnSourced,CAM34888 degdbst,Call Center Internal,4/25/2016,4/27/2016,1,887.00
Bowflex Max Trainer,Electronic - UnSourced,CAM41189 degemax,Call Center Internal,4/25/2016,4/27/2016,1,1208.00
Bowflex Max Trainer,Electronic - UnSourced,CAM44236 SAWMAX,Call Center Internal,4/25/2016,4/27/2016,14,22041.08
Bowflex Max Trainer,Electronic - UnSourced,CAM44626 1800BOWFLEX_BMT,Call Center Internal,4/25/2016,4/27/2016,1,1049.00
Treadclimber,Electronic - UnSourced,CAM6025 SAWWEBTC,Call Center Internal,4/25/2016,4/27/2016,1,2261.07
Bowflex Max Trainer,Electronic - UnSourced,CAM44236 SAWMAX,Third Party Call Center - Evolve,4/25/2016,4/27/2016,2,4052.59
Treadclimber,Electronic - UnSourced,CAM16414 DEGBFTRC,Web,4/25/2016,4/27/2016,4,9149.28
Bowflex Home Gyms,Electronic - UnSourced,CAM16616 DEGBFBHG,Web,4/25/2016,4/27/2016,0,19.98
Bowflex Selecttech Dumbbells,Electronic - UnSourced,CAM23877 degd1sitest,Web,4/25/2016,4/27/2016,2,1404.97
Treadclimber,Electronic - UnSourced,CAM23879 degt1sitetc,Web,4/25/2016,4/27/2016,2,4435.17
Bowflex Home Gyms,Electronic - UnSourced,CAM28771 degg1siteg,Web,4/25/2016,4/27/2016,1,1766.88
Bowflex Home Gyms,Electronic - UnSourced,CAM32136 deggbhg,Web,4/25/2016,4/27/2016,1,850.94
Bowflex Max Trainer,Electronic - UnSourced,CAM41189 degemax,Web,4/25/2016,4/27/2016,21,35937.77
Bowflex Max Trainer,Electronic - UnSourced,CAM44433 dege1sitemx,Web,4/25/2016,4/27/2016,16,29025.99
Treadclimber,Online,CAM6110 SAWGOOGTC,Call Center Internal,4/25/2016,4/27/2016,1,3218.10
Bowflex Max Trainer,Online Display,CAM47251 DODCTOEDL2,Web,4/25/2016,4/27/2016,5,7254.00
Bowflex Home Gyms,Online Display,CAM47260 DODCTOGDL1,Web,4/25/2016,4/27/2016,2,2485.00
Bowflex Selecttech Dumbbells,Online Display,CAM47267 DODCTODDL2,Web,4/25/2016,4/27/2016,2,898.00
Treadclimber,Online Display,CAM48928 DODSTLTDL8,Web,4/25/2016,4/27/2016,2,5247.20
Bowflex Max Trainer,Online Display,CAM49246 DODSTLEDL1,Web,4/25/2016,4/27/2016,1,1599.00
Bowflex Home Gyms,Online Search,CAM30796 SAWDOSG2G,Call Center Internal,4/25/2016,4/27/2016,1,3136.85
Treadclimber,Online Search,CAM33017 SAWCAOSGCTMOBILE,Call Center Internal,4/25/2016,4/27/2016,1,3068.10
Treadclimber,Online Search,CAM44065 SAWDOSG2TMOBILE2,Call Center Internal,4/25/2016,4/27/2016,0,148.14
Bowflex Max Trainer,Online Search,CAM44223 SAWDOSBIE,Call Center Internal,4/25/2016,4/27/2016,2,3584.99
Bowflex Max Trainer,Online Search,CAM44230 SAWDOSG2E,Call Center Internal,4/25/2016,4/27/2016,6,10449.59
Bowflex Max Trainer,Online Search,CAM44497 dosg2esl1,Call Center Internal,4/25/2016,4/27/2016,2,2648.00
Bowflex Max Trainer,Online Search,CAM44539 SAWDOSG2EMOBILE2,Call Center Internal,4/25/2016,4/27/2016,4,6655.00
Bowflex Max Trainer,Online Search,CAM44560 dosg2esl5,Call Center Internal,4/25/2016,4/27/2016,1,1049.00
Bowflex Max Trainer,Online Search,CAM44230 SAWDOSG2E,Third Party Call Center - Evolve,4/25/2016,4/27/2016,1,1608.00
Bowflex Max Trainer,Online Search,CAM44539 SAWDOSG2EMOBILE2,Third Party Call Center - Evolve,4/25/2016,4/27/2016,1,2199.00
Bowflex Home Gyms,Online Search,CAM30755 dosg2gsl1,Web,4/25/2016,4/27/2016,1,1399.00
Treadclimber,Online Search,CAM31082 dosg2tgl1tc,Web,4/25/2016,4/27/2016,2,5013.19
Bowflex Home Gyms,Online Search,CAM32607 dosg2gad2,Web,4/25/2016,4/27/2016,1,1768.99
Bowflex Selecttech Dumbbells,Online Search,CAM32678 dosg2dgl1st,Web,4/25/2016,4/27/2016,3,2304.97
Bowflex Home Gyms,Online Search,CAM37434 dosg2gsl29,Web,4/25/2016,4/27/2016,1,2163.95
Treadclimber,Online Search,CAM37440 dosg2tsl21,Web,4/25/2016,4/27/2016,4,9554.40
Treadclimber,Online Search,CAM37493 dosbitsl6,Web,4/25/2016,4/27/2016,1,3083.09
Bowflex Home Gyms,Online Search,CAM37743 dosbigsl6,Web,4/25/2016,4/27/2016,0,30.98
Bowflex Home Gyms,Online Search,CAM39440 dosbiggl1bf,Web,4/25/2016,4/27/2016,0,58.92
Treadclimber,Online Search,CAM39442 dosbitgl1tc,Web,4/25/2016,4/27/2016,1,2029.10
Treadclimber,Online Search,CAM43666 dosg2tmobile4,Web,4/25/2016,4/27/2016,1,1899.00
Bowflex Max Trainer,Online Search,CAM44429 dosbiesl1,Web,4/25/2016,4/27/2016,7,8993.00
Bowflex Max Trainer,Online Search,CAM44435 dosg2egl1mx,Web,4/25/2016,4/27/2016,9,16084.99
Bowflex Max Trainer,Online Search,CAM44497 dosg2esl1,Web,4/25/2016,4/27/2016,13,21684.00
Bowflex Max Trainer,Online Search,CAM44520 dosbiegl1mx,Web,4/25/2016,4/27/2016,6,9953.00
Bowflex Max Trainer,Online Search,CAM45009 dosg2eml1,Web,4/25/2016,4/27/2016,4,8112.99
Bowflex Max Trainer,Online Search,CAM45729 DOSG2ESL6,Web,4/25/2016,4/27/2016,4,5004.00
Bowflex Max Trainer,Online Search,CAM45730 DOSG2ESL7,Web,4/25/2016,4/27/2016,1,1599.00
Bowflex Max Trainer,Online Search,CAM45732 DOSBIESL7,Web,4/25/2016,4/27/2016,1,1599.00
Bowflex Max Trainer,Online Search,CAM47150 DOSG2ESL9,Web,4/25/2016,4/27/2016,2,3357.00
Bowflex Max Trainer,Online Search,CAM47152 DOSBIESL8,Web,4/25/2016,4/27/2016,1,1049.00
Bowflex Home Gyms,Online Search,CAM47265 DOSG2GSL38,Web,4/25/2016,4/27/2016,1,3312.98
Bowflex Max Trainer,Online Search,CAM48984 DOSG2ESL11,Web,4/25/2016,4/27/2016,1,2199.00
Bowflex Max Trainer,Online Shopping,CAM45043 SAWDOFG2E,Call Center Internal,4/25/2016,4/27/2016,2,2197.00
Bowflex Max Trainer,Online Shopping,CAM48975 DOFG2EFEED2,Call Center Internal,4/25/2016,4/27/2016,1,2358.00
Bowflex Max Trainer,Online Shopping,CAM45043 SAWDOFG2E,Third Party Call Center - Evolve,4/25/2016,4/27/2016,1,1449.00
Treadclimber,Online Shopping,CAM32123 dofg2tfeed1,Web,4/25/2016,4/27/2016,1,2969.10
Bowflex Catalog,Online Shopping,CAM33966 dofg2cfeed1,Web,4/25/2016,4/27/2016,0,193.89
Bowflex Max Trainer,Online Shopping,CAM44887 dofg2efeed1,Web,4/25/2016,4/27/2016,11,17924.00
Bowflex Max Trainer,Online Shopping,CAM44948 dofbiefeed1,Web,4/25/2016,4/27/2016,3,4956.00
Bowflex Max Trainer,Online Shopping,CAM48975 DOFG2EFEED2,Web,4/25/2016,4/27/2016,3,3147.00
Bowflex Catalog,Online Shopping,CAM48980 DOFG2CFEED3,Web,4/25/2016,4/27/2016,0,342.94
Bowflex Max Trainer,Online Social,CAM48200 SAWDOXFBESCODE,Call Center Internal,4/25/2016,4/27/2016,1,2199.00
Bowflex Max Trainer,Online Social,CAM48202 DOXFBESCODE002,Call Center Internal,4/25/2016,4/27/2016,1,1599.00
Treadclimber,Online Social,CAM48188 DOXFBTSCODE005,Web,4/25/2016,4/27/2016,2,5368.09
Bowflex Max Trainer,Online Social,CAM48202 DOXFBESCODE002,Web,4/25/2016,4/27/2016,7,12020.00
Bowflex Max Trainer,Online Social,CAM48203 DOXFBESCODE003,Web,4/25/2016,4/27/2016,2,3198.00
Treadclimber,Short Form,CAM48509 DCADN120HKINGTIC,Call Center Internal,4/25/2016,4/27/2016,1,699.30
Treadclimber,Short Form,CAM48517 LMN*N60*HKINGTIC,Call Center Internal,4/25/2016,4/27/2016,1,1049.00
Bowflex Max Trainer,Short Form,CAM48748 SPKEN120J14FSTIC,Call Center Internal,4/25/2016,4/27/2016,2,2807.00
Bowflex Max Trainer,Short Form,CAM48751 ION*N120J14FSTIC,Call Center Internal,4/25/2016,4/27/2016,2,2648.00
Bowflex Max Trainer,Short Form,CAM48753 RELZN120J14FSTIC,Call Center Internal,4/25/2016,4/27/2016,1,2199.00
Bowflex Max Trainer,Short Form,CAM49223 CLOON5MNHAMFSTIC,Third Party Call Center - Evolve,4/25/2016,4/27/2016,1,1848.00
Bowflex Home Gyms,Un-Sourced,CAM28157 SALESFOLLOWUP,Call Center Internal,4/25/2016,4/27/2016,4,8982.98
Bowflex Selecttech Dumbbells,Un-Sourced,CAM40819 1800SELECTTECH,Call Center Internal,4/25/2016,4/27/2016,0,60.57
Bowflex Catalog,Un-Sourced,CAM40820 1800BFXCATALOG,Call Center Internal,4/25/2016,4/27/2016,0,.00
Bowflex Home Gyms,Un-Sourced,CAM40821 1800BOWFLEX,Call Center Internal,4/25/2016,4/27/2016,2,3815.66
Treadclimber,Un-Sourced,CAM40825 1800TREADCLIMBER,Call Center Internal,4/25/2016,4/27/2016,6,14400.68
Bowflex Max Trainer,Un-Sourced,CAM45327 1800MAXTRAINER,Call Center Internal,4/25/2016,4/27/2016,12,16519.30
Bowflex Max Trainer,Electronic - Short Form,CAM44215 SAWDSEESF14A,Call Center Internal,4/25/2016,4/28/2016,2,3798.00
Bowflex Max Trainer,Electronic - Short Form,CAM44172 dseesf14a,Web,4/25/2016,4/28/2016,1,1499.00
Bowflex Selecttech Dumbbells,Electronic - UnSourced,CAM11920 SAWWEBST,Call Center Internal,4/25/2016,4/28/2016,2,1928.00
Bowflex Home Gyms,Electronic - UnSourced,CAM25756 DEGSAWBFG,Call Center Internal,4/25/2016,4/28/2016,0,89.28
Bowflex Max Trainer,Electronic - UnSourced,CAM44236 SAWMAX,Call Center Internal,4/25/2016,4/28/2016,8,12767.98
Bowflex Max Trainer,Electronic - UnSourced,CAM44626 1800BOWFLEX_BMT,Call Center Internal,4/25/2016,4/28/2016,5,8144.00
Treadclimber,Electronic - UnSourced,CAM6025 SAWWEBTC,Call Center Internal,4/25/2016,4/28/2016,2,5126.17
Treadclimber,Electronic - UnSourced,CAM16414 DEGBFTRC,Web,4/25/2016,4/28/2016,2,5112.19
Bowflex Selecttech Dumbbells,Electronic - UnSourced,CAM23877 degd1sitest,Web,4/25/2016,4/28/2016,5,3748.98
Treadclimber,Electronic - UnSourced,CAM23879 degt1sitetc,Web,4/25/2016,4/28/2016,3,6725.17
Bowflex Home Gyms,Electronic - UnSourced,CAM28771 degg1siteg,Web,4/25/2016,4/28/2016,1,1865.96
Bowflex Home Gyms,Electronic - UnSourced,CAM32136 deggbhg,Web,4/25/2016,4/28/2016,0,23.98
Bowflex Selecttech Dumbbells,Electronic - UnSourced,CAM34888 degdbst,Web,4/25/2016,4/28/2016,1,349.00
Bowflex Max Trainer,Electronic - UnSourced,CAM41189 degemax,Web,4/25/2016,4/28/2016,12,18646.00
Bowflex Max Trainer,Electronic - UnSourced,CAM44433 dege1sitemx,Web,4/25/2016,4/28/2016,17,29042.00
Treadclimber,Online,CAM6110 SAWGOOGTC,Call Center Internal,4/25/2016,4/28/2016,2,4186.17
Treadclimber,Online Display,CAM33857 SAWDODMAGTDL,Call Center Internal,4/25/2016,4/28/2016,1,3218.10
Bowflex Max Trainer,Online Display,CAM47251 DODCTOEDL2,Web,4/25/2016,4/28/2016,3,3946.00
Bowflex Max Trainer,Online Display,CAM49246 DODSTLEDL1,Web,4/25/2016,4/28/2016,3,4247.00
Bowflex Selecttech Dumbbells,Online Search,CAM30793 SAWDOSG2D,Call Center Internal,4/25/2016,4/28/2016,2,1424.99
Bowflex Home Gyms,Online Search,CAM30796 SAWDOSG2G,Call Center Internal,4/25/2016,4/28/2016,2,5212.38
Bowflex Catalog,Online Search,CAM32307 SAWDOSG2C,Call Center Internal,4/25/2016,4/28/2016,2,3948.48
Bowflex Max Trainer,Online Search,CAM44223 SAWDOSBIE,Call Center Internal,4/25/2016,4/28/2016,2,2648.00
Bowflex Max Trainer,Online Search,CAM44230 SAWDOSG2E,Call Center Internal,4/25/2016,4/28/2016,11,18582.10
Bowflex Max Trainer,Online Search,CAM44429 dosbiesl1,Call Center Internal,4/25/2016,4/28/2016,1,1599.00
Bowflex Max Trainer,Online Search,CAM44539 SAWDOSG2EMOBILE2,Call Center Internal,4/25/2016,4/28/2016,2,4557.00
Bowflex Max Trainer,Online Search,CAM45009 dosg2eml1,Call Center Internal,4/25/2016,4/28/2016,2,3297.00
Bowflex Max Trainer,Online Search,CAM47151 DOSG2EML2,Call Center Internal,4/25/2016,4/28/2016,1,1857.00
Bowflex Home Gyms,Online Search,CAM31080 dosg2ggl1bf,Web,4/25/2016,4/28/2016,2,2907.99
Treadclimber,Online Search,CAM31082 dosg2tgl1tc,Web,4/25/2016,4/28/2016,1,2138.09
Bowflex Catalog,Online Search,CAM32376 dosg2csl1,Web,4/25/2016,4/28/2016,2,2754.97
Bowflex Selecttech Dumbbells,Online Search,CAM37148 dosg2dsl12,Web,4/25/2016,4/28/2016,1,549.00
Treadclimber,Online Search,CAM37440 dosg2tsl21,Web,4/25/2016,4/28/2016,7,15015.59
Treadclimber,Online Search,CAM37655 dosbitsl10,Web,4/25/2016,4/28/2016,1,2029.10
Bowflex Selecttech Dumbbells,Online Search,CAM37741 dosbidsl9,Web,4/25/2016,4/28/2016,0,158.99
Bowflex Selecttech Dumbbells,Online Search,CAM39439 dosbidgl1st,Web,4/25/2016,4/28/2016,1,329.00
Bowflex Home Gyms,Online Search,CAM39440 dosbiggl1bf,Web,4/25/2016,4/28/2016,0,312.90
Treadclimber,Online Search,CAM43666 dosg2tmobile4,Web,4/25/2016,4/28/2016,1,2157.07
Bowflex Max Trainer,Online Search,CAM44429 dosbiesl1,Web,4/25/2016,4/28/2016,8,12892.00
Bowflex Max Trainer,Online Search,CAM44435 dosg2egl1mx,Web,4/25/2016,4/28/2016,19,30696.00
Bowflex Max Trainer,Online Search,CAM44497 dosg2esl1,Web,4/25/2016,4/28/2016,14,22807.99
Bowflex Max Trainer,Online Search,CAM44520 dosbiegl1mx,Web,4/25/2016,4/28/2016,1,1599.00
Bowflex Max Trainer,Online Search,CAM44551 dosg2esl4,Web,4/25/2016,4/28/2016,1,1599.00
Bowflex Selecttech Dumbbells,Online Search,CAM44678 dosg2dsl21,Web,4/25/2016,4/28/2016,1,577.99
Bowflex Max Trainer,Online Search,CAM45009 dosg2eml1,Web,4/25/2016,4/28/2016,1,1599.00
Bowflex Max Trainer,Online Search,CAM45729 DOSG2ESL6,Web,4/25/2016,4/28/2016,1,1049.00
Bowflex Max Trainer,Online Search,CAM45730 DOSG2ESL7,Web,4/25/2016,4/28/2016,5,8610.00
Treadclimber,Online Search,CAM46146 DOSBITSL17,Web,4/25/2016,4/28/2016,1,2029.10
Bowflex Max Trainer,Online Search,CAM47152 DOSBIESL8,Web,4/25/2016,4/28/2016,1,1599.00
Treadclimber,Online Search,CAM48472 DOSG2TSL38,Web,4/25/2016,4/28/2016,1,2029.10
Bowflex Max Trainer,Online Shopping,CAM45043 SAWDOFG2E,Call Center Internal,4/25/2016,4/28/2016,1,1599.00
Bowflex Max Trainer,Online Shopping,CAM48975 DOFG2EFEED2,Call Center Internal,4/25/2016,4/28/2016,1,1208.00
Bowflex Catalog,Online Shopping,CAM33966 dofg2cfeed1,Web,4/25/2016,4/28/2016,1,1217.91
Bowflex Max Trainer,Online Shopping,CAM44887 dofg2efeed1,Web,4/25/2016,4/28/2016,5,8354.00
Treadclimber,Online Shopping,CAM48973 DOFG2TFEED2,Web,4/25/2016,4/28/2016,1,2029.10
Bowflex Max Trainer,Online Shopping,CAM48975 DOFG2EFEED2,Web,4/25/2016,4/28/2016,6,10094.00
Bowflex Catalog,Online Shopping,CAM48980 DOFG2CFEED3,Web,4/25/2016,4/28/2016,1,1772.99
Bowflex Max Trainer,Online Social,CAM48200 SAWDOXFBESCODE,Call Center Internal,4/25/2016,4/28/2016,1,2199.00
Bowflex Max Trainer,Online Social,CAM48202 DOXFBESCODE002,Web,4/25/2016,4/28/2016,2,3357.00
Bowflex Max Trainer,Online Social,CAM48203 DOXFBESCODE003,Web,4/25/2016,4/28/2016,2,2807.00
Bowflex Selecttech Dumbbells,Online Social,CAM48208 DOXFBDSCODE002,Web,4/25/2016,4/28/2016,1,549.00
Treadclimber,Short Form,CAM47123 DISAN60*ALOHATIC,Call Center Internal,4/25/2016,4/28/2016,1,1049.00
Treadclimber,Short Form,CAM48365 CLOON180ALOHATIC,Call Center Internal,4/25/2016,4/28/2016,2,4149.00
Treadclimber,Short Form,CAM48496 HMM*N120HKINGTIC,Call Center Internal,4/25/2016,4/28/2016,1,1599.00
Treadclimber,Short Form,CAM48498 INSPN120HKINGTIC,Call Center Internal,4/25/2016,4/28/2016,0,99.00
Treadclimber,Short Form,CAM48499 SPKEN120HKINGTIC,Call Center Internal,4/25/2016,4/28/2016,1,2406.07
Bowflex Max Trainer,Short Form,CAM48793 HERON5MNHAMFSTIC,Call Center Internal,4/25/2016,4/28/2016,1,2199.00
Treadclimber,Short Form,CAM49228 INSPN120BOO16TIC,Call Center Internal,4/25/2016,4/28/2016,1,2213.99
Treadclimber,Short Form,CAM49229 METVN120BOO16TIC,Call Center Internal,4/25/2016,4/28/2016,1,2199.00
Bowflex Max Trainer,Short Form,CAM48796 DESTN5MNHAMFSTIC,Third Party Call Center - Evolve,4/25/2016,4/28/2016,2,2848.00
Bowflex Home Gyms,Un-Sourced,CAM28157 SALESFOLLOWUP,Call Center Internal,4/25/2016,4/28/2016,2,5556.00
Bowflex Selecttech Dumbbells,Un-Sourced,CAM40819 1800SELECTTECH,Call Center Internal,4/25/2016,4/28/2016,1,.00
Bowflex Catalog,Un-Sourced,CAM40820 1800BFXCATALOG,Call Center Internal,4/25/2016,4/28/2016,0,.00
Bowflex Home Gyms,Un-Sourced,CAM40821 1800BOWFLEX,Call Center Internal,4/25/2016,4/28/2016,1,2210.92
Treadclimber,Un-Sourced,CAM40825 1800TREADCLIMBER,Call Center Internal,4/25/2016,4/28/2016,6,12032.11
Bowflex Max Trainer,Un-Sourced,CAM45327 1800MAXTRAINER,Call Center Internal,4/25/2016,4/28/2016,6,9338.74
Treadclimber,Electronic - Short Form,CAM36104 SAWSF11E,Call Center Internal,4/25/2016,4/29/2016,0,38.98
Treadclimber,Electronic - Short Form,CAM36608 dsetsf12a,Call Center Internal,4/25/2016,4/29/2016,1,2029.10
Bowflex Max Trainer,Electronic - Short Form,CAM44215 SAWDSEESF14A,Call Center Internal,4/25/2016,4/29/2016,1,349.00
Bowflex Max Trainer,Electronic - Short Form,CAM44172 dseesf14a,Web,4/25/2016,4/29/2016,1,1499.00
Bowflex Max Trainer,Electronic - Short Form,CAM45798 DSEESF14H,Web,4/25/2016,4/29/2016,1,1099.00
Bowflex Max Trainer,Electronic - Short Form,CAM48876 DSEESF15A,Web,4/25/2016,4/29/2016,1,1599.00
Treadclimber,Electronic - Short Form,CAM49292 DSETSF16A,Web,4/25/2016,4/29/2016,1,2029.10
Bowflex Selecttech Dumbbells,Electronic - UnSourced,CAM11920 SAWWEBST,Call Center Internal,4/25/2016,4/29/2016,3,1886.00
Bowflex Catalog,Electronic - UnSourced,CAM127 1800BOWFLEX_BFC,Call Center Internal,4/25/2016,4/29/2016,2,1418.30
Bowflex Selecttech Dumbbells,Electronic - UnSourced,CAM129 1800BOWFLEX_BST,Call Center Internal,4/25/2016,4/29/2016,1,549.00
Bowflex Home Gyms,Electronic - UnSourced,CAM25756 DEGSAWBFG,Call Center Internal,4/25/2016,4/29/2016,1,3097.00
Bowflex Max Trainer,Electronic - UnSourced,CAM44236 SAWMAX,Call Center Internal,4/25/2016,4/29/2016,7,12200.00
Treadclimber,Electronic - UnSourced,CAM6025 SAWWEBTC,Call Center Internal,4/25/2016,4/29/2016,2,4301.08
Treadclimber,Electronic - UnSourced,CAM16414 DEGBFTRC,Web,4/25/2016,4/29/2016,3,8005.15
Bowflex Home Gyms,Electronic - UnSourced,CAM16616 DEGBFBHG,Web,4/25/2016,4/29/2016,0,37.96
Bowflex Selecttech Dumbbells,Electronic - UnSourced,CAM23877 degd1sitest,Web,4/25/2016,4/29/2016,1,549.00
Treadclimber,Electronic - UnSourced,CAM23879 degt1sitetc,Web,4/25/2016,4/29/2016,3,6355.20
Bowflex Home Gyms,Electronic - UnSourced,CAM28771 degg1siteg,Web,4/25/2016,4/29/2016,1,1451.96
Bowflex Home Gyms,Electronic - UnSourced,CAM32136 deggbhg,Web,4/25/2016,4/29/2016,0,108.99
Bowflex Selecttech Dumbbells,Electronic - UnSourced,CAM34888 degdbst,Web,4/25/2016,4/29/2016,4,2175.99
Bowflex Max Trainer,Electronic - UnSourced,CAM41189 degemax,Web,4/25/2016,4/29/2016,17,31280.98
Bowflex Max Trainer,Electronic - UnSourced,CAM44433 dege1sitemx,Web,4/25/2016,4/29/2016,15,25420.99
Treadclimber,Online,CAM6110 SAWGOOGTC,Call Center Internal,4/25/2016,4/29/2016,1,1539.30
Bowflex Max Trainer,Online Display,CAM47239 SAWDODCTOE,Call Center Internal,4/25/2016,4/29/2016,1,1049.00
Bowflex Max Trainer,Online Display,CAM47251 DODCTOEDL2,Web,4/25/2016,4/29/2016,4,5504.99
Treadclimber,Online Display,CAM47254 DODCTOTDL1,Web,4/25/2016,4/29/2016,1,2029.10
Treadclimber,Online Display,CAM48928 DODSTLTDL8,Web,4/25/2016,4/29/2016,1,3498.99
Bowflex Max Trainer,Online Display,CAM49246 DODSTLEDL1,Web,4/25/2016,4/29/2016,1,1049.00
Bowflex Selecttech Dumbbells,Online Search,CAM30793 SAWDOSG2D,Call Center Internal,4/25/2016,4/29/2016,1,548.00
Bowflex Home Gyms,Online Search,CAM30796 SAWDOSG2G,Call Center Internal,4/25/2016,4/29/2016,0,186.55
Treadclimber,Online Search,CAM37440 dosg2tsl21,Call Center Internal,4/25/2016,4/29/2016,1,3083.09
Bowflex Max Trainer,Online Search,CAM44230 SAWDOSG2E,Call Center Internal,4/25/2016,4/29/2016,5,9675.99
Bowflex Max Trainer,Online Search,CAM44429 dosbiesl1,Call Center Internal,4/25/2016,4/29/2016,1,1599.00
Bowflex Max Trainer,Online Search,CAM44539 SAWDOSG2EMOBILE2,Call Center Internal,4/25/2016,4/29/2016,2,3456.00
Bowflex Max Trainer,Online Search,CAM44230 SAWDOSG2E,Third Party Call Center - Evolve,4/25/2016,4/29/2016,1,999.00
Bowflex Home Gyms,Online Search,CAM30755 dosg2gsl1,Web,4/25/2016,4/29/2016,0,38.98
Bowflex Home Gyms,Online Search,CAM31080 dosg2ggl1bf,Web,4/25/2016,4/29/2016,2,2337.97
Treadclimber,Online Search,CAM31082 dosg2tgl1tc,Web,4/25/2016,4/29/2016,1,2029.10
Bowflex Catalog,Online Search,CAM32380 dosmsncsl1,Web,4/25/2016,4/29/2016,0,108.99
Bowflex Selecttech Dumbbells,Online Search,CAM32678 dosg2dgl1st,Web,4/25/2016,4/29/2016,3,1923.00
Treadclimber,Online Search,CAM36885 dosbitsl2,Web,4/25/2016,4/29/2016,1,2029.10
Treadclimber,Online Search,CAM37440 dosg2tsl21,Web,4/25/2016,4/29/2016,4,11998.38
Treadclimber,Online Search,CAM37443 dosg2tsl24,Web,4/25/2016,4/29/2016,1,2029.10
Treadclimber,Online Search,CAM37655 dosbitsl10,Web,4/25/2016,4/29/2016,1,2148.00
Bowflex Home Gyms,Online Search,CAM39440 dosbiggl1bf,Web,4/25/2016,4/29/2016,0,23.98
Treadclimber,Online Search,CAM39442 dosbitgl1tc,Web,4/25/2016,4/29/2016,1,2526.96
Treadclimber,Online Search,CAM43666 dosg2tmobile4,Web,4/25/2016,4/29/2016,2,4077.18
Treadclimber,Online Search,CAM43804 dosg2tmobile6,Web,4/25/2016,4/29/2016,1,2278.10
Bowflex Max Trainer,Online Search,CAM44429 dosbiesl1,Web,4/25/2016,4/29/2016,9,13858.00
Bowflex Max Trainer,Online Search,CAM44435 dosg2egl1mx,Web,4/25/2016,4/29/2016,10,16946.00
Bowflex Max Trainer,Online Search,CAM44497 dosg2esl1,Web,4/25/2016,4/29/2016,8,13260.00
Bowflex Max Trainer,Online Search,CAM44520 dosbiegl1mx,Web,4/25/2016,4/29/2016,4,7609.99
Bowflex Max Trainer,Online Search,CAM44551 dosg2esl4,Web,4/25/2016,4/29/2016,1,1049.00
Bowflex Max Trainer,Online Search,CAM44952 dosbieml1,Web,4/25/2016,4/29/2016,2,4398.00
Bowflex Max Trainer,Online Search,CAM45009 dosg2eml1,Web,4/25/2016,4/29/2016,5,8294.00
Bowflex Max Trainer,Online Search,CAM45729 DOSG2ESL6,Web,4/25/2016,4/29/2016,3,3455.00
Bowflex Max Trainer,Online Search,CAM45730 DOSG2ESL7,Web,4/25/2016,4/29/2016,1,1599.00
Bowflex Max Trainer,Online Search,CAM45731 DOSBIESL6,Web,4/25/2016,4/29/2016,1,1049.00
Bowflex Max Trainer,Online Search,CAM47150 DOSG2ESL9,Web,4/25/2016,4/29/2016,2,3347.00
Bowflex Max Trainer,Online Search,CAM47151 DOSG2EML2,Web,4/25/2016,4/29/2016,3,5655.00
Bowflex Max Trainer,Online Search,CAM47152 DOSBIESL8,Web,4/25/2016,4/29/2016,2,2098.00
Bowflex Max Trainer,Online Search,CAM48984 DOSG2ESL11,Web,4/25/2016,4/29/2016,1,2199.00
Bowflex Max Trainer,Online Search,CAM48985 DOSBIESL10,Web,4/25/2016,4/29/2016,1,2199.00
Bowflex Max Trainer,Online Shopping,CAM45042 SAWDOFBIE,Call Center Internal,4/25/2016,4/29/2016,1,2358.00
Bowflex Max Trainer,Online Shopping,CAM45043 SAWDOFG2E,Call Center Internal,4/25/2016,4/29/2016,3,4069.60
Bowflex Max Trainer,Online Shopping,CAM48975 DOFG2EFEED2,Call Center Internal,4/25/2016,4/29/2016,1,1599.00
Treadclimber,Online Shopping,CAM32123 dofg2tfeed1,Web,4/25/2016,4/29/2016,1,3218.10
Bowflex Catalog,Online Shopping,CAM33966 dofg2cfeed1,Web,4/25/2016,4/29/2016,1,1655.96
Bowflex Max Trainer,Online Shopping,CAM44887 dofg2efeed1,Web,4/25/2016,4/29/2016,10,14747.00
Bowflex Max Trainer,Online Shopping,CAM44948 dofbiefeed1,Web,4/25/2016,4/29/2016,2,2257.00
Treadclimber,Online Shopping,CAM48973 DOFG2TFEED2,Web,4/25/2016,4/29/2016,1,2029.10
Bowflex Max Trainer,Online Shopping,CAM48975 DOFG2EFEED2,Web,4/25/2016,4/29/2016,1,1599.00
Bowflex Catalog,Online Shopping,CAM48980 DOFG2CFEED3,Web,4/25/2016,4/29/2016,0,220.99
Bowflex Max Trainer,Online Social,CAM48202 DOXFBESCODE002,Call Center Internal,4/25/2016,4/29/2016,1,1599.00
Bowflex Max Trainer,Online Social,CAM47172 DOXFBEGL1,Web,4/25/2016,4/29/2016,0,99.00
Bowflex Max Trainer,Online Social,CAM48202 DOXFBESCODE002,Web,4/25/2016,4/29/2016,3,3747.00
Bowflex Max Trainer,Online Social,CAM48203 DOXFBESCODE003,Web,4/25/2016,4/29/2016,1,2199.00
Bowflex Max Trainer,Online Social,CAM48205 DOXFBESCODE005,Web,4/25/2016,4/29/2016,2,2807.00
Treadclimber,Online Social,CAM49102 DOXFBTSCODE018,Web,4/25/2016,4/29/2016,1,2029.10
Treadclimber,Short Form,CAM47343 CMT*N120ALOBYTIC,Call Center Internal,4/25/2016,4/29/2016,1,2029.10
Treadclimber,Short Form,CAM48499 SPKEN120HKINGTIC,Call Center Internal,4/25/2016,4/29/2016,2,3256.08
Treadclimber,Short Form,CAM48514 DISEN60*HKINGTIC,Call Center Internal,4/25/2016,4/29/2016,1,2984.09
Treadclimber,Short Form,CAM48518 INSPN180HKINGTIC,Call Center Internal,4/25/2016,4/29/2016,1,2157.07
Bowflex Max Trainer,Short Form,CAM48777 VH1CN180JACFSTIC,Call Center Internal,4/25/2016,4/29/2016,1,1758.00
Treadclimber,Short Form,CAM48810 BLAZN120HKINGTIC,Call Center Internal,4/25/2016,4/29/2016,1,2228.10
Treadclimber,Short Form,CAM49228 INSPN120BOO16TIC,Call Center Internal,4/25/2016,4/29/2016,2,4215.00
Treadclimber,Short Form,CAM49229 METVN120BOO16TIC,Call Center Internal,4/25/2016,4/29/2016,1,1713.60
Treadclimber,Short Form,CAM49231 GAMEN120BOO16TIC,Call Center Internal,4/25/2016,4/29/2016,1,1913.99
Treadclimber,Short Form,CAM49237 MOVSN120BOO16TIC,Call Center Internal,4/25/2016,4/29/2016,1,1599.00
Bowflex Max Trainer,Short Form,CAM49298 DTVAN60*J14FSTIC,Call Center Internal,4/25/2016,4/29/2016,1,1599.00
Bowflex Home Gyms,Un-Sourced,CAM28157 SALESFOLLOWUP,Call Center Internal,4/25/2016,4/29/2016,4,6983.29
Bowflex Selecttech Dumbbells,Un-Sourced,CAM40819 1800SELECTTECH,Call Center Internal,4/25/2016,4/29/2016,2,923.25
Bowflex Home Gyms,Un-Sourced,CAM40821 1800BOWFLEX,Call Center Internal,4/25/2016,4/29/2016,0,1066.19
Treadclimber,Un-Sourced,CAM40825 1800TREADCLIMBER,Call Center Internal,4/25/2016,4/29/2016,3,8336.08
Bowflex Revolution,Un-Sourced,CAM40829 1800REVOLUTION,Call Center Internal,4/25/2016,4/29/2016,0,.00
Bowflex Max Trainer,Un-Sourced,CAM45327 1800MAXTRAINER,Call Center Internal,4/25/2016,4/29/2016,6,10730.08
Bowflex Max Trainer,Electronic - Short Form,CAM44215 SAWDSEESF14A,Call Center Internal,4/25/2016,4/30/2016,1,2358.00
Bowflex Max Trainer,Electronic - Short Form,CAM48876 DSEESF15A,Web,4/25/2016,4/30/2016,1,1857.00
Treadclimber,Electronic - Short Form,CAM49292 DSETSF16A,Web,4/25/2016,4/30/2016,2,4307.20
Bowflex Selecttech Dumbbells,Electronic - UnSourced,CAM11920 SAWWEBST,Call Center Internal,4/25/2016,4/30/2016,2,2886.00
Bowflex Catalog,Electronic - UnSourced,CAM127 1800BOWFLEX_BFC,Call Center Internal,4/25/2016,4/30/2016,1,2199.00
Treadclimber,Electronic - UnSourced,CAM133 1800BOWFLEX_TRC,Call Center Internal,4/25/2016,4/30/2016,1,2406.07
Treadclimber,Electronic - UnSourced,CAM16414 DEGBFTRC,Call Center Internal,4/25/2016,4/30/2016,1,3083.09
Bowflex Home Gyms,Electronic - UnSourced,CAM25756 DEGSAWBFG,Call Center Internal,4/25/2016,4/30/2016,1,2260.97
Bowflex Max Trainer,Electronic - UnSourced,CAM44236 SAWMAX,Call Center Internal,4/25/2016,4/30/2016,6,10379.00
Bowflex Max Trainer,Electronic - UnSourced,CAM44433 dege1sitemx,Call Center Internal,4/25/2016,4/30/2016,1,1599.00
Bowflex Max Trainer,Electronic - UnSourced,CAM45118 SAWBMTDIGIK,Call Center Internal,4/25/2016,4/30/2016,1,1698.00
Treadclimber,Electronic - UnSourced,CAM6025 SAWWEBTC,Call Center Internal,4/25/2016,4/30/2016,3,3676.98
Treadclimber,Electronic - UnSourced,CAM16414 DEGBFTRC,Web,4/25/2016,4/30/2016,3,6102.08
Bowflex Home Gyms,Electronic - UnSourced,CAM16616 DEGBFBHG,Web,4/25/2016,4/30/2016,1,488.00
Bowflex Selecttech Dumbbells,Electronic - UnSourced,CAM23877 degd1sitest,Web,4/25/2016,4/30/2016,5,3560.98
Treadclimber,Electronic - UnSourced,CAM23879 degt1sitetc,Web,4/25/2016,4/30/2016,3,8001.27
Bowflex Home Gyms,Electronic - UnSourced,CAM28771 degg1siteg,Web,4/25/2016,4/30/2016,2,4537.97
Bowflex Home Gyms,Electronic - UnSourced,CAM32136 deggbhg,Web,4/25/2016,4/30/2016,3,3244.95
Bowflex Selecttech Dumbbells,Electronic - UnSourced,CAM34888 degdbst,Web,4/25/2016,4/30/2016,3,1964.99
Bowflex Max Trainer,Electronic - UnSourced,CAM41189 degemax,Web,4/25/2016,4/30/2016,16,31587.98
Bowflex Max Trainer,Electronic - UnSourced,CAM44433 dege1sitemx,Web,4/25/2016,4/30/2016,21,36380.00
Treadclimber,Online,CAM12351 SAWFROOGTC,Call Center Internal,4/25/2016,4/30/2016,1,2048.08
Treadclimber,Online,CAM6110 SAWGOOGTC,Call Center Internal,4/25/2016,4/30/2016,1,1963.98
Treadclimber,Online Display,CAM47235 SAWDODCTOT,Call Center Internal,4/25/2016,4/30/2016,1,1899.00
Bowflex Max Trainer,Online Display,CAM47239 SAWDODCTOE,Call Center Internal,4/25/2016,4/30/2016,1,1049.00
Bowflex Max Trainer,Online Display,CAM45910 DODADCEDL3,Web,4/25/2016,4/30/2016,2,2807.00
Bowflex Max Trainer,Online Display,CAM47251 DODCTOEDL2,Web,4/25/2016,4/30/2016,6,9903.00
Treadclimber,Online Display,CAM47254 DODCTOTDL1,Web,4/25/2016,4/30/2016,1,2029.10
Bowflex Max Trainer,Online Display,CAM49246 DODSTLEDL1,Web,4/25/2016,4/30/2016,3,4697.00
Bowflex Max Trainer,Online Search,CAM44230 SAWDOSG2E,Call Center Internal,4/25/2016,4/30/2016,4,6945.30
Bowflex Max Trainer,Online Search,CAM44435 dosg2egl1mx,Call Center Internal,4/25/2016,4/30/2016,1,2199.00
Bowflex Max Trainer,Online Search,CAM44539 SAWDOSG2EMOBILE2,Call Center Internal,4/25/2016,4/30/2016,1,1758.00
Bowflex Max Trainer,Online Search,CAM44223 SAWDOSBIE,Third Party Call Center - Evolve,4/25/2016,4/30/2016,1,999.00
Bowflex Max Trainer,Online Search,CAM44230 SAWDOSG2E,Third Party Call Center - Evolve,4/25/2016,4/30/2016,2,2498.00
Bowflex Home Gyms,Online Search,CAM30755 dosg2gsl1,Web,4/25/2016,4/30/2016,1,43.96
Bowflex Home Gyms,Online Search,CAM31080 dosg2ggl1bf,Web,4/25/2016,4/30/2016,1,1719.92
Bowflex Catalog,Online Search,CAM32376 dosg2csl1,Web,4/25/2016,4/30/2016,1,1641.96
Bowflex Catalog,Online Search,CAM32380 dosmsncsl1,Web,4/25/2016,4/30/2016,1,1599.00
Bowflex Selecttech Dumbbells,Online Search,CAM32678 dosg2dgl1st,Web,4/25/2016,4/30/2016,1,708.98
Treadclimber,Online Search,CAM36194 dosg2tsl1,Web,4/25/2016,4/30/2016,1,2048.08
Bowflex Selecttech Dumbbells,Online Search,CAM37112 dosg2dsl11,Web,4/25/2016,4/30/2016,1,349.00
Bowflex Selecttech Dumbbells,Online Search,CAM37148 dosg2dsl12,Web,4/25/2016,4/30/2016,2,1098.00
Bowflex Selecttech Dumbbells,Online Search,CAM37432 dosg2dsl18,Web,4/25/2016,4/30/2016,1,688.00
Treadclimber,Online Search,CAM37440 dosg2tsl21,Web,4/25/2016,4/30/2016,3,8579.29
Bowflex Selecttech Dumbbells,Online Search,CAM39439 dosbidgl1st,Web,4/25/2016,4/30/2016,2,1535.00
Treadclimber,Online Search,CAM39442 dosbitgl1tc,Web,4/25/2016,4/30/2016,1,2029.10
Treadclimber,Online Search,CAM43666 dosg2tmobile4,Web,4/25/2016,4/30/2016,1,2029.10
Treadclimber,Online Search,CAM43804 dosg2tmobile6,Web,4/25/2016,4/30/2016,1,2029.10
Bowflex Max Trainer,Online Search,CAM44429 dosbiesl1,Web,4/25/2016,4/30/2016,7,12718.00
Bowflex Max Trainer,Online Search,CAM44435 dosg2egl1mx,Web,4/25/2016,4/30/2016,12,22465.00
Bowflex Max Trainer,Online Search,CAM44497 dosg2esl1,Web,4/25/2016,4/30/2016,16,25443.00
Bowflex Max Trainer,Online Search,CAM44520 dosbiegl1mx,Web,4/25/2016,4/30/2016,5,8144.00
Bowflex Max Trainer,Online Search,CAM44551 dosg2esl4,Web,4/25/2016,4/30/2016,1,2212.99
Bowflex Max Trainer,Online Search,CAM44560 dosg2esl5,Web,4/25/2016,4/30/2016,1,1758.00
Bowflex Max Trainer,Online Search,CAM44952 dosbieml1,Web,4/25/2016,4/30/2016,1,1908.00
Bowflex Max Trainer,Online Search,CAM45009 dosg2eml1,Web,4/25/2016,4/30/2016,5,8453.00
Bowflex Max Trainer,Online Search,CAM45730 DOSG2ESL7,Web,4/25/2016,4/30/2016,2,3348.00
Treadclimber,Online Search,CAM45852 DOSG2TSL32,Web,4/25/2016,4/30/2016,1,3548.00
Bowflex Max Trainer,Online Search,CAM47150 DOSG2ESL9,Web,4/25/2016,4/30/2016,1,1599.00
Bowflex Max Trainer,Online Search,CAM47151 DOSG2EML2,Web,4/25/2016,4/30/2016,1,1049.00
Bowflex Max Trainer,Online Search,CAM47152 DOSBIESL8,Web,4/25/2016,4/30/2016,0,159.00
Bowflex Max Trainer,Online Search,CAM48984 DOSG2ESL11,Web,4/25/2016,4/30/2016,1,2199.00
Bowflex Max Trainer,Online Shopping,CAM45042 SAWDOFBIE,Call Center Internal,4/25/2016,4/30/2016,1,1049.00
Bowflex Max Trainer,Online Shopping,CAM45043 SAWDOFG2E,Call Center Internal,4/25/2016,4/30/2016,2,2747.00
Treadclimber,Online Shopping,CAM32123 dofg2tfeed1,Web,4/25/2016,4/30/2016,0,18.98
Bowflex Catalog,Online Shopping,CAM33966 dofg2cfeed1,Web,4/25/2016,4/30/2016,3,117.90
Bowflex Max Trainer,Online Shopping,CAM44887 dofg2efeed1,Web,4/25/2016,4/30/2016,8,10592.00
Bowflex Max Trainer,Online Shopping,CAM44948 dofbiefeed1,Web,4/25/2016,4/30/2016,4,6446.00
Bowflex Max Trainer,Online Shopping,CAM48975 DOFG2EFEED2,Web,4/25/2016,4/30/2016,1,1599.00
Bowflex Catalog,Online Shopping,CAM48980 DOFG2CFEED3,Web,4/25/2016,4/30/2016,0,109.91
Treadclimber,Online Social,CAM48183 SAWDOXFBTSCODE,Call Center Internal,4/25/2016,4/30/2016,1,1758.00
Bowflex Max Trainer,Online Social,CAM48200 SAWDOXFBESCODE,Call Center Internal,4/25/2016,4/30/2016,3,3594.60
Bowflex Home Gyms,Online Social,CAM48212 SAWDOXFBGSCODE,Call Center Internal,4/25/2016,4/30/2016,1,3233.09
Bowflex Max Trainer,Online Social,CAM47172 DOXFBEGL1,Web,4/25/2016,4/30/2016,1,2199.00
Bowflex Max Trainer,Online Social,CAM48202 DOXFBESCODE002,Web,4/25/2016,4/30/2016,3,5456.00
Bowflex Max Trainer,Online Social,CAM48205 DOXFBESCODE005,Web,4/25/2016,4/30/2016,1,1758.00
Bowflex Selecttech Dumbbells,Online Social,CAM48208 DOXFBDSCODE002,Web,4/25/2016,4/30/2016,1,548.00
Bowflex Selecttech Dumbbells,Online Social,CAM48210 DOXFBDSCODE004,Web,4/25/2016,4/30/2016,0,20.98
Bowflex Max Trainer,Short Form,CAM48750 IFC*N120J14FSTIC,Call Center Internal,4/25/2016,4/30/2016,1,2029.10
Bowflex Max Trainer,Short Form,CAM48754 JUSTN120J14FSTIC,Call Center Internal,4/25/2016,4/30/2016,1,1599.00
Bowflex Max Trainer,Short Form,CAM48760 ODORN120J14FSTIC,Call Center Internal,4/25/2016,4/30/2016,1,1598.00
Bowflex Max Trainer,Short Form,CAM48779 DISMN60*J14FSTIC,Call Center Internal,4/25/2016,4/30/2016,0,108.99
Treadclimber,Short Form,CAM49226 HMM*N120WMN16TIC,Call Center Internal,4/25/2016,4/30/2016,1,1872.00
Treadclimber,Short Form,CAM49227 ION*N120BOO16TIC,Call Center Internal,4/25/2016,4/30/2016,1,1599.00
Treadclimber,Short Form,CAM49229 METVN120BOO16TIC,Call Center Internal,4/25/2016,4/30/2016,2,4656.04
Treadclimber,Short Form,CAM49231 GAMEN120BOO16TIC,Call Center Internal,4/25/2016,4/30/2016,2,4214.98
Treadclimber,Short Form,CAM49237 MOVSN120BOO16TIC,Call Center Internal,4/25/2016,4/30/2016,2,2427.10
Bowflex Home Gyms,Un-Sourced,CAM28157 SALESFOLLOWUP,Call Center Internal,4/25/2016,4/30/2016,6,10510.97
Bowflex Selecttech Dumbbells,Un-Sourced,CAM40819 1800SELECTTECH,Call Center Internal,4/25/2016,4/30/2016,2,1237.00
Treadclimber,Un-Sourced,CAM40825 1800TREADCLIMBER,Call Center Internal,4/25/2016,4/30/2016,2,4058.20
Bowflex Max Trainer,Un-Sourced,CAM45327 1800MAXTRAINER,Call Center Internal,4/25/2016,4/30/2016,8,13050.00
Treadclimber,Electronic - Print,CAM36797 dpetprint12a,Web,4/25/2016,5/1/2016,1,2199.00
Treadclimber,Electronic - Short Form,CAM36104 SAWSF11E,Call Center Internal,4/25/2016,5/1/2016,2,5534.09
Treadclimber,Electronic - Short Form,CAM36608 dsetsf12a,Web,4/25/2016,5/1/2016,1,3317.10
Bowflex Max Trainer,Electronic - Short Form,CAM44172 dseesf14a,Web,4/25/2016,5/1/2016,2,2707.00
Bowflex Max Trainer,Electronic - Short Form,CAM45388 DSEESF14F,Web,4/25/2016,5/1/2016,2,2807.00
Treadclimber,Electronic - UnSourced,CAM133 1800BOWFLEX_TRC,Call Center Internal,4/25/2016,5/1/2016,2,2669.09
Bowflex Max Trainer,Electronic - UnSourced,CAM44236 SAWMAX,Call Center Internal,4/25/2016,5/1/2016,7,10182.60
Bowflex Max Trainer,Electronic - UnSourced,CAM44626 1800BOWFLEX_BMT,Call Center Internal,4/25/2016,5/1/2016,1,1049.00
Treadclimber,Electronic - UnSourced,CAM6025 SAWWEBTC,Call Center Internal,4/25/2016,5/1/2016,4,8976.23
Treadclimber,Electronic - UnSourced,CAM16414 DEGBFTRC,Web,4/25/2016,5/1/2016,0,108.99
Bowflex Selecttech Dumbbells,Electronic - UnSourced,CAM23877 degd1sitest,Web,4/25/2016,5/1/2016,3,1586.00
Treadclimber,Electronic - UnSourced,CAM23879 degt1sitetc,Web,4/25/2016,5/1/2016,3,6106.28
Bowflex Home Gyms,Electronic - UnSourced,CAM28771 degg1siteg,Web,4/25/2016,5/1/2016,7,12058.89
Bowflex Home Gyms,Electronic - UnSourced,CAM32136 deggbhg,Web,4/25/2016,5/1/2016,2,3185.97
Bowflex Selecttech Dumbbells,Electronic - UnSourced,CAM34888 degdbst,Web,4/25/2016,5/1/2016,1,549.00
Bowflex Max Trainer,Electronic - UnSourced,CAM41189 degemax,Web,4/25/2016,5/1/2016,27,42647.00
Bowflex Max Trainer,Electronic - UnSourced,CAM44433 dege1sitemx,Web,4/25/2016,5/1/2016,32,51615.99
Treadclimber,Online,CAM12351 SAWFROOGTC,Call Center Internal,4/25/2016,5/1/2016,1,2048.08
Treadclimber,Online,CAM19887 DOAMSNSAWTCDRFS,Call Center Internal,4/25/2016,5/1/2016,0,159.00
Treadclimber,Online,CAM6110 SAWGOOGTC,Call Center Internal,4/25/2016,5/1/2016,3,7042.29
Bowflex Max Trainer,Online Display,CAM47239 SAWDODCTOE,Call Center Internal,4/25/2016,5/1/2016,2,3198.00
Bowflex Max Trainer,Online Display,CAM47251 DODCTOEDL2,Call Center Internal,4/25/2016,5/1/2016,1,2358.00
Treadclimber,Online Display,CAM38447 dodrftdl1,Web,4/25/2016,5/1/2016,1,3218.10
Treadclimber,Online Display,CAM39391 dodrftdl4,Web,4/25/2016,5/1/2016,1,3083.09
Bowflex Max Trainer,Online Display,CAM45910 DODADCEDL3,Web,4/25/2016,5/1/2016,1,1049.00
Bowflex Max Trainer,Online Display,CAM47251 DODCTOEDL2,Web,4/25/2016,5/1/2016,5,8561.00
Bowflex Home Gyms,Online Display,CAM47260 DODCTOGDL1,Web,4/25/2016,5/1/2016,1,1399.00
Bowflex Selecttech Dumbbells,Online Display,CAM47267 DODCTODDL2,Web,4/25/2016,5/1/2016,1,507.99
Treadclimber,Online Display,CAM48927 DODSTLTDL7,Web,4/25/2016,5/1/2016,1,2949.00
Treadclimber,Online Search,CAM32595 SAWDOSBIT,Call Center Internal,4/25/2016,5/1/2016,2,4096.16
Bowflex Selecttech Dumbbells,Online Search,CAM32596 SAWDOSBID,Call Center Internal,4/25/2016,5/1/2016,1,488.00
Bowflex Max Trainer,Online Search,CAM44223 SAWDOSBIE,Call Center Internal,4/25/2016,5/1/2016,2,3957.00
Bowflex Max Trainer,Online Search,CAM44230 SAWDOSG2E,Call Center Internal,4/25/2016,5/1/2016,3,6597.00
Bowflex Max Trainer,Online Search,CAM44539 SAWDOSG2EMOBILE2,Call Center Internal,4/25/2016,5/1/2016,1,1599.00
Bowflex Home Gyms,Online Search,CAM31080 dosg2ggl1bf,Web,4/25/2016,5/1/2016,2,1549.90
Bowflex Catalog,Online Search,CAM32376 dosg2csl1,Web,4/25/2016,5/1/2016,0,65.98
Bowflex Selecttech Dumbbells,Online Search,CAM32678 dosg2dgl1st,Web,4/25/2016,5/1/2016,4,2335.00
Treadclimber,Online Search,CAM36194 dosg2tsl1,Web,4/25/2016,5/1/2016,1,2029.10
Bowflex Selecttech Dumbbells,Online Search,CAM37148 dosg2dsl12,Web,4/25/2016,5/1/2016,1,549.00
Bowflex Selecttech Dumbbells,Online Search,CAM37428 dosg2dsl14,Web,4/25/2016,5/1/2016,2,837.00
Bowflex Home Gyms,Online Search,CAM37434 dosg2gsl29,Web,4/25/2016,5/1/2016,0,238.99
Treadclimber,Online Search,CAM37440 dosg2tsl21,Web,4/25/2016,5/1/2016,3,6336.30
Treadclimber,Online Search,CAM37493 dosbitsl6,Web,4/25/2016,5/1/2016,1,2048.08
Treadclimber,Online Search,CAM37655 dosbitsl10,Web,4/25/2016,5/1/2016,1,2949.00
Bowflex Selecttech Dumbbells,Online Search,CAM39439 dosbidgl1st,Web,4/25/2016,5/1/2016,0,367.98
Bowflex Home Gyms,Online Search,CAM39440 dosbiggl1bf,Web,4/25/2016,5/1/2016,2,4814.99
Treadclimber,Online Search,CAM43666 dosg2tmobile4,Web,4/25/2016,5/1/2016,2,5605.19
Treadclimber,Online Search,CAM44130 dosbitsl12,Web,4/25/2016,5/1/2016,1,2029.10
Bowflex Max Trainer,Online Search,CAM44429 dosbiesl1,Web,4/25/2016,5/1/2016,12,18986.00
Bowflex Max Trainer,Online Search,CAM44435 dosg2egl1mx,Web,4/25/2016,5/1/2016,16,27968.00
Bowflex Max Trainer,Online Search,CAM44497 dosg2esl1,Web,4/25/2016,5/1/2016,17,25509.00
Bowflex Max Trainer,Online Search,CAM44560 dosg2esl5,Web,4/25/2016,5/1/2016,1,1749.00
Bowflex Max Trainer,Online Search,CAM45009 dosg2eml1,Web,4/25/2016,5/1/2016,6,11102.00
Bowflex Max Trainer,Online Search,CAM45730 DOSG2ESL7,Web,4/25/2016,5/1/2016,4,6714.00
Bowflex Max Trainer,Online Search,CAM47150 DOSG2ESL9,Web,4/25/2016,5/1/2016,6,10503.00
Bowflex Max Trainer,Online Search,CAM47151 DOSG2EML2,Web,4/25/2016,5/1/2016,3,4247.00
Bowflex Max Trainer,Online Search,CAM47152 DOSBIESL8,Web,4/25/2016,5/1/2016,1,1599.00
Bowflex Max Trainer,Online Search,CAM47153 DOSBIEML2,Web,4/25/2016,5/1/2016,1,2199.00
Bowflex Home Gyms,Online Search,CAM47265 DOSG2GSL38,Web,4/25/2016,5/1/2016,0,31.96
Bowflex Max Trainer,Online Search,CAM48984 DOSG2ESL11,Web,4/25/2016,5/1/2016,1,2199.00
Bowflex Max Trainer,Online Search,CAM48985 DOSBIESL10,Web,4/25/2016,5/1/2016,1,2199.00
Bowflex Max Trainer,Online Shopping,CAM45042 SAWDOFBIE,Call Center Internal,4/25/2016,5/1/2016,1,1599.00
Bowflex Max Trainer,Online Shopping,CAM45043 SAWDOFG2E,Call Center Internal,4/25/2016,5/1/2016,1,1698.00
Bowflex Catalog,Online Shopping,CAM33966 dofg2cfeed1,Web,4/25/2016,5/1/2016,1,1098.00
Bowflex Max Trainer,Online Shopping,CAM44887 dofg2efeed1,Web,4/25/2016,5/1/2016,9,13599.00
Bowflex Max Trainer,Online Shopping,CAM44948 dofbiefeed1,Web,4/25/2016,5/1/2016,4,6194.00
Bowflex Max Trainer,Online Shopping,CAM48975 DOFG2EFEED2,Web,4/25/2016,5/1/2016,5,6444.00
Bowflex Home Gyms,Online Shopping,CAM48977 DOFG2GFEED2,Web,4/25/2016,5/1/2016,1,3198.99
Bowflex Catalog,Online Shopping,CAM48980 DOFG2CFEED3,Web,4/25/2016,5/1/2016,0,18.98
Bowflex Max Trainer,Online Social,CAM48200 SAWDOXFBESCODE,Call Center Internal,4/25/2016,5/1/2016,2,3798.00
Bowflex Max Trainer,Online Social,CAM45898 DOXFBERESPONSE,Web,4/25/2016,5/1/2016,1,1049.00
Bowflex Max Trainer,Online Social,CAM48202 DOXFBESCODE002,Web,4/25/2016,5/1/2016,6,9229.99
Bowflex Max Trainer,Online Social,CAM48203 DOXFBESCODE003,Web,4/25/2016,5/1/2016,2,2648.00
Bowflex Max Trainer,Online Social,CAM48205 DOXFBESCODE005,Web,4/25/2016,5/1/2016,1,1599.00
Bowflex Selecttech Dumbbells,Online Social,CAM48209 DOXFBDSCODE003,Web,4/25/2016,5/1/2016,1,688.00
Bowflex Home Gyms,Online Social,CAM48213 DOXFBGSCODE001,Web,4/25/2016,5/1/2016,0,13.98
Treadclimber,Short Form,CAM48517 LMN*N60*HKINGTIC,Call Center Internal,4/25/2016,5/1/2016,3,5609.05
Treadclimber,Short Form,CAM48518 INSPN180HKINGTIC,Call Center Internal,4/25/2016,5/1/2016,2,3078.10
Bowflex Max Trainer,Short Form,CAM48745 SUNDN120J14FSTIC,Call Center Internal,4/25/2016,5/1/2016,1,1758.00
Bowflex Max Trainer,Short Form,CAM48777 VH1CN180JACFSTIC,Call Center Internal,4/25/2016,5/1/2016,1,1584.00
Treadclimber,Short Form,CAM49232 DCADN120BOO16TIC,Call Center Internal,4/25/2016,5/1/2016,1,1698.00
Bowflex Max Trainer,Short Form,CAM49298 DTVAN60*J14FSTIC,Call Center Internal,4/25/2016,5/1/2016,1,2048.08
Bowflex Home Gyms,Un-Sourced,CAM28157 SALESFOLLOWUP,Call Center Internal,4/25/2016,5/1/2016,1,1698.00
Bowflex Home Gyms,Un-Sourced,CAM40821 1800BOWFLEX,Call Center Internal,4/25/2016,5/1/2016,1,1797.00
Treadclimber,Un-Sourced,CAM40825 1800TREADCLIMBER,Call Center Internal,4/25/2016,5/1/2016,2,5299.38
Bowflex Max Trainer,Un-Sourced,CAM45327 1800MAXTRAINER,Call Center Internal,4/25/2016,5/1/2016,4,6396.00
Bowflex Max Trainer,Electronic - Print,CAM45563 DPEEPRINT14D,Web,5/2/2016,5/2/2016,1,2199.00
Bowflex Home Gyms,Electronic - Short Form,CAM27401 DEFAULTADID,Call Center Internal,5/2/2016,5/2/2016,1,699.30
Treadclimber,Electronic - Short Form,CAM36104 SAWSF11E,Call Center Internal,5/2/2016,5/2/2016,2,3798.00
Bowflex Max Trainer,Electronic - Short Form,CAM44215 SAWDSEESF14A,Call Center Internal,5/2/2016,5/2/2016,2,1262.28
Bowflex Max Trainer,Electronic - Short Form,CAM44172 dseesf14a,Web,5/2/2016,5/2/2016,2,2998.00
Bowflex Max Trainer,Electronic - Short Form,CAM44191 dseesf14d,Web,5/2/2016,5/2/2016,1,1658.00
Bowflex Max Trainer,Electronic - Short Form,CAM45798 DSEESF14H,Web,5/2/2016,5/2/2016,1,1499.00
Bowflex Max Trainer,Electronic - Short Form,CAM49296 DSEESF16B,Web,5/2/2016,5/2/2016,2,3198.00
Bowflex Selecttech Dumbbells,Electronic - UnSourced,CAM11920 SAWWEBST,Call Center Internal,5/2/2016,5/2/2016,1,609.57
Bowflex Home Gyms,Electronic - UnSourced,CAM25756 DEGSAWBFG,Call Center Internal,5/2/2016,5/2/2016,2,2498.00
Bowflex Max Trainer,Electronic - UnSourced,CAM44236 SAWMAX,Call Center Internal,5/2/2016,5/2/2016,17,27456.60
Bowflex Max Trainer,Electronic - UnSourced,CAM44626 1800BOWFLEX_BMT,Call Center Internal,5/2/2016,5/2/2016,1,1878.90
Bowflex Max Trainer,Electronic - UnSourced,CAM45699 SAWICAEEMAX,Call Center Internal,5/2/2016,5/2/2016,1,2406.07
Treadclimber,Electronic - UnSourced,CAM6025 SAWWEBTC,Call Center Internal,5/2/2016,5/2/2016,7,14363.34
Treadclimber,Electronic - UnSourced,CAM16414 DEGBFTRC,Web,5/2/2016,5/2/2016,3,6196.29
Bowflex Home Gyms,Electronic - UnSourced,CAM16616 DEGBFBHG,Web,5/2/2016,5/2/2016,0,76.90
Bowflex Selecttech Dumbbells,Electronic - UnSourced,CAM23877 degd1sitest,Web,5/2/2016,5/2/2016,3,1924.00
Treadclimber,Electronic - UnSourced,CAM23879 degt1sitetc,Web,5/2/2016,5/2/2016,4,8550.31
Bowflex Home Gyms,Electronic - UnSourced,CAM28771 degg1siteg,Web,5/2/2016,5/2/2016,8,14902.87
Bowflex Home Gyms,Electronic - UnSourced,CAM32136 deggbhg,Web,5/2/2016,5/2/2016,0,109.99
Bowflex Selecttech Dumbbells,Electronic - UnSourced,CAM34888 degdbst,Web,5/2/2016,5/2/2016,1,349.00
Bowflex Max Trainer,Electronic - UnSourced,CAM41189 degemax,Web,5/2/2016,5/2/2016,19,32467.00
Bowflex Max Trainer,Electronic - UnSourced,CAM44433 dege1sitemx,Web,5/2/2016,5/2/2016,13,22012.99
Bowflex Selecttech Dumbbells,Electronic - UnSourced,CAM49219 DEGDBST560,Web,5/2/2016,5/2/2016,1,549.00
Treadclimber,Online,CAM12349 SAWENHTC,Call Center Internal,5/2/2016,5/2/2016,1,349.00
Treadclimber,Online,CAM6110 SAWGOOGTC,Call Center Internal,5/2/2016,5/2/2016,4,8979.93
Bowflex Max Trainer,Online Display,CAM45736 DODRFEDL3,Web,5/2/2016,5/2/2016,3,4406.00
Bowflex Max Trainer,Online Display,CAM47251 DODCTOEDL2,Web,5/2/2016,5/2/2016,5,7153.00
Treadclimber,Online Display,CAM47254 DODCTOTDL1,Web,5/2/2016,5/2/2016,1,3218.10
Bowflex Home Gyms,Online Display,CAM47260 DODCTOGDL1,Web,5/2/2016,5/2/2016,1,3097.00
Treadclimber,Online Display,CAM48927 DODSTLTDL7,Web,5/2/2016,5/2/2016,2,5247.20
Treadclimber,Online Display,CAM48928 DODSTLTDL8,Web,5/2/2016,5/2/2016,2,4998.20
Bowflex Selecttech Dumbbells,Online Search,CAM30793 SAWDOSG2D,Call Center Internal,5/2/2016,5/2/2016,2,1318.14
Bowflex Home Gyms,Online Search,CAM30796 SAWDOSG2G,Call Center Internal,5/2/2016,5/2/2016,1,2345.83
Treadclimber,Online Search,CAM32595 SAWDOSBIT,Call Center Internal,5/2/2016,5/2/2016,2,4983.09
Bowflex Selecttech Dumbbells,Online Search,CAM32596 SAWDOSBID,Call Center Internal,5/2/2016,5/2/2016,1,488.00
Bowflex Max Trainer,Online Search,CAM44223 SAWDOSBIE,Call Center Internal,5/2/2016,5/2/2016,2,3798.00
Bowflex Max Trainer,Online Search,CAM44230 SAWDOSG2E,Call Center Internal,5/2/2016,5/2/2016,10,16125.99
Bowflex Max Trainer,Online Search,CAM44539 SAWDOSG2EMOBILE2,Call Center Internal,5/2/2016,5/2/2016,1,699.30
Bowflex Max Trainer,Online Search,CAM45009 dosg2eml1,Call Center Internal,5/2/2016,5/2/2016,1,1599.00
Bowflex Home Gyms,Online Search,CAM30755 dosg2gsl1,Web,5/2/2016,5/2/2016,1,3137.00
Bowflex Home Gyms,Online Search,CAM31080 dosg2ggl1bf,Web,5/2/2016,5/2/2016,3,1968.94
Treadclimber,Online Search,CAM31082 dosg2tgl1tc,Web,5/2/2016,5/2/2016,1,2278.10
Bowflex Catalog,Online Search,CAM32376 dosg2csl1,Web,5/2/2016,5/2/2016,2,3539.96
Bowflex Catalog,Online Search,CAM32380 dosmsncsl1,Web,5/2/2016,5/2/2016,0,7.39
Bowflex Selecttech Dumbbells,Online Search,CAM32678 dosg2dgl1st,Web,5/2/2016,5/2/2016,3,1606.99
Bowflex Selecttech Dumbbells,Online Search,CAM37112 dosg2dsl11,Web,5/2/2016,5/2/2016,0,138.99
Bowflex Selecttech Dumbbells,Online Search,CAM37148 dosg2dsl12,Web,5/2/2016,5/2/2016,1,748.00
Treadclimber,Online Search,CAM37440 dosg2tsl21,Web,5/2/2016,5/2/2016,1,2029.10
Treadclimber,Online Search,CAM37443 dosg2tsl24,Web,5/2/2016,5/2/2016,1,2278.10
Treadclimber,Online Search,CAM37493 dosbitsl6,Web,5/2/2016,5/2/2016,1,2048.08
Treadclimber,Online Search,CAM37655 dosbitsl10,Web,5/2/2016,5/2/2016,3,5968.68
Bowflex Selecttech Dumbbells,Online Search,CAM37741 dosbidsl9,Web,5/2/2016,5/2/2016,1,349.00
Bowflex Home Gyms,Online Search,CAM39440 dosbiggl1bf,Web,5/2/2016,5/2/2016,1,1768.99
Treadclimber,Online Search,CAM39442 dosbitgl1tc,Web,5/2/2016,5/2/2016,3,8211.19
Bowflex Max Trainer,Online Search,CAM44429 dosbiesl1,Web,5/2/2016,5/2/2016,10,14538.00
Bowflex Max Trainer,Online Search,CAM44435 dosg2egl1mx,Web,5/2/2016,5/2/2016,11,19163.00
Bowflex Max Trainer,Online Search,CAM44497 dosg2esl1,Web,5/2/2016,5/2/2016,13,20595.00
Bowflex Max Trainer,Online Search,CAM44520 dosbiegl1mx,Web,5/2/2016,5/2/2016,5,8571.99
Bowflex Max Trainer,Online Search,CAM44952 dosbieml1,Web,5/2/2016,5/2/2016,1,1599.00
Bowflex Max Trainer,Online Search,CAM45009 dosg2eml1,Web,5/2/2016,5/2/2016,8,12342.00
Bowflex Max Trainer,Online Search,CAM45729 DOSG2ESL6,Web,5/2/2016,5/2/2016,2,2098.00
Bowflex Max Trainer,Online Search,CAM45730 DOSG2ESL7,Web,5/2/2016,5/2/2016,2,3257.00
Bowflex Max Trainer,Online Search,CAM47150 DOSG2ESL9,Web,5/2/2016,5/2/2016,1,2358.00
Bowflex Max Trainer,Online Search,CAM48984 DOSG2ESL11,Web,5/2/2016,5/2/2016,1,2199.00
Bowflex Catalog,Online Shopping,CAM33953 SAWDOFG2C,Call Center Internal,5/2/2016,5/2/2016,1,999.00
Bowflex Max Trainer,Online Shopping,CAM45043 SAWDOFG2E,Call Center Internal,5/2/2016,5/2/2016,1,1049.00
Treadclimber,Online Shopping,CAM32123 dofg2tfeed1,Web,5/2/2016,5/2/2016,1,2029.10
Bowflex Catalog,Online Shopping,CAM33966 dofg2cfeed1,Web,5/2/2016,5/2/2016,1,1903.33
Bowflex Max Trainer,Online Shopping,CAM44887 dofg2efeed1,Web,5/2/2016,5/2/2016,10,13157.00
Bowflex Max Trainer,Online Shopping,CAM44948 dofbiefeed1,Web,5/2/2016,5/2/2016,1,2358.00
Bowflex Selecttech Dumbbells,Online Shopping,CAM48253 DOFBIDFEED3,Web,5/2/2016,5/2/2016,1,349.00
Bowflex Max Trainer,Online Shopping,CAM48975 DOFG2EFEED2,Web,5/2/2016,5/2/2016,4,7155.00
Bowflex Catalog,Online Shopping,CAM48980 DOFG2CFEED3,Web,5/2/2016,5/2/2016,0,58.75
Treadclimber,Online Social,CAM47171 DOXFBTGL1,Call Center Internal,5/2/2016,5/2/2016,0,46.74
Bowflex Max Trainer,Online Social,CAM47172 DOXFBEGL1,Call Center Internal,5/2/2016,5/2/2016,1,1599.00
Treadclimber,Online Social,CAM48183 SAWDOXFBTSCODE,Call Center Internal,5/2/2016,5/2/2016,1,2969.10
Bowflex Max Trainer,Online Social,CAM48200 SAWDOXFBESCODE,Call Center Internal,5/2/2016,5/2/2016,1,2016.23
Bowflex Selecttech Dumbbells,Online Social,CAM48206 SAWDOXFBDSCODE,Call Center Internal,5/2/2016,5/2/2016,1,688.00
Bowflex Max Trainer,Online Social,CAM48200 SAWDOXFBESCODE,Third Party Call Center - Evolve,5/2/2016,5/2/2016,1,2199.00
Bowflex Max Trainer,Online Social,CAM48202 DOXFBESCODE002,Web,5/2/2016,5/2/2016,7,11869.00
Bowflex Max Trainer,Online Social,CAM48205 DOXFBESCODE005,Web,5/2/2016,5/2/2016,1,1599.00
Bowflex Selecttech Dumbbells,Online Social,CAM48209 DOXFBDSCODE003,Web,5/2/2016,5/2/2016,1,349.00
Bowflex Selecttech Dumbbells,Online Social,CAM48210 DOXFBDSCODE004,Web,5/2/2016,5/2/2016,1,687.00
Treadclimber,Print,CAM49252 P0516WMNWRLDCSYFW,Call Center Internal,5/2/2016,5/2/2016,1,2199.00
Treadclimber,Short Form,CAM48496 HMM*N120HKINGTIC,Call Center Internal,5/2/2016,5/2/2016,1,1857.00
Treadclimber,Short Form,CAM48499 SPKEN120HKINGTIC,Call Center Internal,5/2/2016,5/2/2016,3,6005.08
Bowflex Max Trainer,Short Form,CAM48793 HERON5MNHAMFSTIC,Call Center Internal,5/2/2016,5/2/2016,1,1049.00
Treadclimber,Short Form,CAM49228 INSPN120BOO16TIC,Call Center Internal,5/2/2016,5/2/2016,4,8618.39
Treadclimber,Short Form,CAM49229 METVN120BOO16TIC,Call Center Internal,5/2/2016,5/2/2016,2,3528.10
Bowflex Home Gyms,Un-Sourced,CAM28157 SALESFOLLOWUP,Call Center Internal,5/2/2016,5/2/2016,2,2648.00
Bowflex Selecttech Dumbbells,Un-Sourced,CAM40819 1800SELECTTECH,Call Center Internal,5/2/2016,5/2/2016,6,594.46
Bowflex Catalog,Un-Sourced,CAM40820 1800BFXCATALOG,Call Center Internal,5/2/2016,5/2/2016,1,736.54
Bowflex Home Gyms,Un-Sourced,CAM40821 1800BOWFLEX,Call Center Internal,5/2/2016,5/2/2016,4,4041.34
Treadclimber,Un-Sourced,CAM40825 1800TREADCLIMBER,Call Center Internal,5/2/2016,5/2/2016,9,22115.10
Bowflex Revolution,Un-Sourced,CAM40829 1800REVOLUTION,Call Center Internal,5/2/2016,5/2/2016,0,578.42
Bowflex Max Trainer,Un-Sourced,CAM45327 1800MAXTRAINER,Call Center Internal,5/2/2016,5/2/2016,7,10882.55
Bowflex Max Trainer,Electronic - Short Form,CAM44215 SAWDSEESF14A,Call Center Internal,5/2/2016,5/3/2016,1,1886.97
Bowflex Max Trainer,Electronic - Short Form,CAM45798 DSEESF14H,Web,5/2/2016,5/3/2016,1,1499.00
Bowflex Max Trainer,Electronic - Short Form,CAM48876 DSEESF15A,Web,5/2/2016,5/3/2016,2,4398.00
Treadclimber,Electronic - Short Form,CAM49292 DSETSF16A,Web,5/2/2016,5/3/2016,3,6087.30
Bowflex Selecttech Dumbbells,Electronic - UnSourced,CAM11920 SAWWEBST,Call Center Internal,5/2/2016,5/3/2016,3,1674.00
Bowflex Catalog,Electronic - UnSourced,CAM127 1800BOWFLEX_BFC,Call Center Internal,5/2/2016,5/3/2016,1,1717.15
Treadclimber,Electronic - UnSourced,CAM133 1800BOWFLEX_TRC,Call Center Internal,5/2/2016,5/3/2016,1,2157.07
Bowflex Home Gyms,Electronic - UnSourced,CAM25756 DEGSAWBFG,Call Center Internal,5/2/2016,5/3/2016,0,14.99
Bowflex Max Trainer,Electronic - UnSourced,CAM44236 SAWMAX,Call Center Internal,5/2/2016,5/3/2016,21,31051.07
Bowflex Max Trainer,Electronic - UnSourced,CAM44626 1800BOWFLEX_BMT,Call Center Internal,5/2/2016,5/3/2016,2,4056.00
Treadclimber,Electronic - UnSourced,CAM6025 SAWWEBTC,Call Center Internal,5/2/2016,5/3/2016,9,20957.19
Bowflex Max Trainer,Electronic - UnSourced,CAM44236 SAWMAX,Third Party Call Center - Evolve,5/2/2016,5/3/2016,1,2358.00
Treadclimber,Electronic - UnSourced,CAM6025 SAWWEBTC,Third Party Call Center - Evolve,5/2/2016,5/3/2016,1,2898.00
Treadclimber,Electronic - UnSourced,CAM16414 DEGBFTRC,Web,5/2/2016,5/3/2016,3,7313.14
Bowflex Home Gyms,Electronic - UnSourced,CAM16616 DEGBFBHG,Web,5/2/2016,5/3/2016,0,17.98
Bowflex Selecttech Dumbbells,Electronic - UnSourced,CAM23877 degd1sitest,Web,5/2/2016,5/3/2016,5,2684.00
Treadclimber,Electronic - UnSourced,CAM23879 degt1sitetc,Web,5/2/2016,5/3/2016,2,5360.20
Bowflex Home Gyms,Electronic - UnSourced,CAM28771 degg1siteg,Web,5/2/2016,5/3/2016,4,6996.00
Bowflex Home Gyms,Electronic - UnSourced,CAM32136 deggbhg,Web,5/2/2016,5/3/2016,0,352.98
Bowflex Selecttech Dumbbells,Electronic - UnSourced,CAM34888 degdbst,Web,5/2/2016,5/3/2016,2,856.99
Bowflex Max Trainer,Electronic - UnSourced,CAM41189 degemax,Web,5/2/2016,5/3/2016,21,34112.00
Bowflex Max Trainer,Electronic - UnSourced,CAM44433 dege1sitemx,Web,5/2/2016,5/3/2016,14,21353.00
Bowflex Catalog,Electronic - UnSourced,CAM47359 DEGCORDSTAT,Web,5/2/2016,5/3/2016,1,1599.00
Treadclimber,Online,CAM12351 SAWFROOGTC,Call Center Internal,5/2/2016,5/3/2016,2,5460.19
Bowflex Max Trainer,Online Display,CAM44220 SAWDODRFE,Call Center Internal,5/2/2016,5/3/2016,3,5036.68
Bowflex Max Trainer,Online Display,CAM45910 DODADCEDL3,Web,5/2/2016,5/3/2016,1,1698.00
Bowflex Max Trainer,Online Display,CAM47251 DODCTOEDL2,Web,5/2/2016,5/3/2016,1,1599.00
Bowflex Max Trainer,Online Display,CAM49246 DODSTLEDL1,Web,5/2/2016,5/3/2016,2,3798.00
Bowflex Selecttech Dumbbells,Online Search,CAM30793 SAWDOSG2D,Call Center Internal,5/2/2016,5/3/2016,2,1074.15
Bowflex Home Gyms,Online Search,CAM30796 SAWDOSG2G,Call Center Internal,5/2/2016,5/3/2016,1,1887.00
Bowflex Catalog,Online Search,CAM32307 SAWDOSG2C,Call Center Internal,5/2/2016,5/3/2016,2,1231.48
Treadclimber,Online Search,CAM32595 SAWDOSBIT,Call Center Internal,5/2/2016,5/3/2016,1,2048.08
Bowflex Max Trainer,Online Search,CAM44230 SAWDOSG2E,Call Center Internal,5/2/2016,5/3/2016,12,17589.59
Bowflex Max Trainer,Online Search,CAM44435 dosg2egl1mx,Call Center Internal,5/2/2016,5/3/2016,1,1698.00
Bowflex Max Trainer,Online Search,CAM44497 dosg2esl1,Call Center Internal,5/2/2016,5/3/2016,3,3706.00
Bowflex Max Trainer,Online Search,CAM44539 SAWDOSG2EMOBILE2,Call Center Internal,5/2/2016,5/3/2016,2,2148.00
Treadclimber,Online Search,CAM32595 SAWDOSBIT,Third Party Call Center - Evolve,5/2/2016,5/3/2016,1,2029.10
Bowflex Home Gyms,Online Search,CAM30755 dosg2gsl1,Web,5/2/2016,5/3/2016,0,16.98
Bowflex Home Gyms,Online Search,CAM31080 dosg2ggl1bf,Web,5/2/2016,5/3/2016,1,1846.95
Treadclimber,Online Search,CAM31082 dosg2tgl1tc,Web,5/2/2016,5/3/2016,1,3218.10
Bowflex Catalog,Online Search,CAM32380 dosmsncsl1,Web,5/2/2016,5/3/2016,1,2199.00
Treadclimber,Online Search,CAM33117 dosg2tmobile,Web,5/2/2016,5/3/2016,1,2029.10
Treadclimber,Online Search,CAM36194 dosg2tsl1,Web,5/2/2016,5/3/2016,1,1899.00
Bowflex Selecttech Dumbbells,Online Search,CAM37428 dosg2dsl14,Web,5/2/2016,5/3/2016,1,349.00
Treadclimber,Online Search,CAM37440 dosg2tsl21,Web,5/2/2016,5/3/2016,4,11964.29
Bowflex Home Gyms,Online Search,CAM39440 dosbiggl1bf,Web,5/2/2016,5/3/2016,0,49.98
Treadclimber,Online Search,CAM39442 dosbitgl1tc,Web,5/2/2016,5/3/2016,2,4998.20
Treadclimber,Online Search,CAM43666 dosg2tmobile4,Web,5/2/2016,5/3/2016,2,4575.18
Bowflex Max Trainer,Online Search,CAM44429 dosbiesl1,Web,5/2/2016,5/3/2016,5,7113.00
Bowflex Max Trainer,Online Search,CAM44435 dosg2egl1mx,Web,5/2/2016,5/3/2016,4,6505.00
Bowflex Max Trainer,Online Search,CAM44497 dosg2esl1,Web,5/2/2016,5/3/2016,16,24789.00
Bowflex Max Trainer,Online Search,CAM44520 dosbiegl1mx,Web,5/2/2016,5/3/2016,4,6704.00
Bowflex Max Trainer,Online Search,CAM44551 dosg2esl4,Web,5/2/2016,5/3/2016,1,1599.00
Bowflex Max Trainer,Online Search,CAM44560 dosg2esl5,Web,5/2/2016,5/3/2016,1,1599.00
Bowflex Max Trainer,Online Search,CAM44952 dosbieml1,Web,5/2/2016,5/3/2016,3,4847.00
Bowflex Max Trainer,Online Search,CAM45009 dosg2eml1,Web,5/2/2016,5/3/2016,7,10961.00
Bowflex Max Trainer,Online Search,CAM45730 DOSG2ESL7,Web,5/2/2016,5/3/2016,5,9512.00
Bowflex Max Trainer,Online Search,CAM47150 DOSG2ESL9,Web,5/2/2016,5/3/2016,2,2197.00
Bowflex Max Trainer,Online Search,CAM47151 DOSG2EML2,Web,5/2/2016,5/3/2016,3,6123.98
Bowflex Max Trainer,Online Shopping,CAM45042 SAWDOFBIE,Call Center Internal,5/2/2016,5/3/2016,1,768.60
Treadclimber,Online Shopping,CAM32123 dofg2tfeed1,Web,5/2/2016,5/3/2016,1,2055.47
Bowflex Catalog,Online Shopping,CAM33966 dofg2cfeed1,Web,5/2/2016,5/3/2016,1,2056.95
Bowflex Max Trainer,Online Shopping,CAM44887 dofg2efeed1,Web,5/2/2016,5/3/2016,9,14140.00
Bowflex Max Trainer,Online Shopping,CAM44948 dofbiefeed1,Web,5/2/2016,5/3/2016,6,8353.00
Treadclimber,Online Shopping,CAM48973 DOFG2TFEED2,Web,5/2/2016,5/3/2016,1,2398.99
Bowflex Max Trainer,Online Shopping,CAM48975 DOFG2EFEED2,Web,5/2/2016,5/3/2016,4,5554.00
Bowflex Catalog,Online Shopping,CAM48980 DOFG2CFEED3,Web,5/2/2016,5/3/2016,0,44.99
Bowflex Max Trainer,Online Social,CAM45857 DOXFBESUCCESS,Call Center Internal,5/2/2016,5/3/2016,0,45.46
Treadclimber,Online Social,CAM47171 DOXFBTGL1,Call Center Internal,5/2/2016,5/3/2016,1,2048.08
Bowflex Max Trainer,Online Social,CAM48200 SAWDOXFBESCODE,Call Center Internal,5/2/2016,5/3/2016,1,1119.30
Bowflex Selecttech Dumbbells,Online Social,CAM47173 DOXFBDGL1,Web,5/2/2016,5/3/2016,1,549.00
Treadclimber,Online Social,CAM48186 DOXFBTSCODE003,Web,5/2/2016,5/3/2016,1,2029.10
Bowflex Max Trainer,Online Social,CAM48202 DOXFBESCODE002,Web,5/2/2016,5/3/2016,4,7313.68
Bowflex Max Trainer,Online Social,CAM48203 DOXFBESCODE003,Web,5/2/2016,5/3/2016,2,3357.00
Bowflex Max Trainer,Online Social,CAM48205 DOXFBESCODE005,Web,5/2/2016,5/3/2016,1,2199.00
Bowflex Max Trainer,Online Video,CAM44900 dovg2evl1,Web,5/2/2016,5/3/2016,1,1599.00
Treadclimber,Short Form,CAM45546 SUNDN180GRT2HTIC,Call Center Internal,5/2/2016,5/3/2016,1,1599.00
Treadclimber,Short Form,CAM46712 USA*N60*WLKNYTIC,Call Center Internal,5/2/2016,5/3/2016,1,999.00
Treadclimber,Short Form,CAM48518 INSPN180HKINGTIC,Call Center Internal,5/2/2016,5/3/2016,1,1599.00
Bowflex Max Trainer,Short Form,CAM48745 SUNDN120J14FSTIC,Call Center Internal,5/2/2016,5/3/2016,1,2199.00
Bowflex Max Trainer,Short Form,CAM48746 VEL*N120J14FSTIC,Call Center Internal,5/2/2016,5/3/2016,1,3218.10
Bowflex Max Trainer,Short Form,CAM48760 ODORN120J14FSTIC,Call Center Internal,5/2/2016,5/3/2016,1,1599.00
Bowflex Max Trainer,Short Form,CAM48777 VH1CN180JACFSTIC,Call Center Internal,5/2/2016,5/3/2016,1,2358.00
Bowflex Max Trainer,Short Form,CAM48779 DISMN60*J14FSTIC,Call Center Internal,5/2/2016,5/3/2016,1,2552.90
Bowflex Max Trainer,Short Form,CAM49066 BMT1,Call Center Internal,5/2/2016,5/3/2016,0,159.00
Bowflex Max Trainer,Short Form,CAM49221 PURSN120J14FSTIC,Call Center Internal,5/2/2016,5/3/2016,1,1599.00
Treadclimber,Short Form,CAM49228 INSPN120BOO16TIC,Call Center Internal,5/2/2016,5/3/2016,1,1499.00
Treadclimber,Short Form,CAM49229 METVN120BOO16TIC,Call Center Internal,5/2/2016,5/3/2016,1,2297.08
Treadclimber,Short Form,CAM49236 BLAZN120BOO16TIC,Call Center Internal,5/2/2016,5/3/2016,1,2199.00
Bowflex Max Trainer,Short Form,CAM49298 DTVAN60*J14FSTIC,Call Center Internal,5/2/2016,5/3/2016,2,3456.00
Bowflex Home Gyms,Un-Sourced,CAM28157 SALESFOLLOWUP,Call Center Internal,5/2/2016,5/3/2016,4,7271.07
Bowflex Selecttech Dumbbells,Un-Sourced,CAM40819 1800SELECTTECH,Call Center Internal,5/2/2016,5/3/2016,0,60.57
Bowflex Home Gyms,Un-Sourced,CAM40821 1800BOWFLEX,Call Center Internal,5/2/2016,5/3/2016,3,6164.98
Treadclimber,Un-Sourced,CAM40825 1800TREADCLIMBER,Call Center Internal,5/2/2016,5/3/2016,5,8005.55
Bowflex Revolution,Un-Sourced,CAM40829 1800REVOLUTION,Call Center Internal,5/2/2016,5/3/2016,0,147.61
Bowflex Max Trainer,Un-Sourced,CAM45327 1800MAXTRAINER,Call Center Internal,5/2/2016,5/3/2016,11,18556.28
Bowflex Home Gyms,Electronic - Short Form,CAM27401 DEFAULTADID,Call Center Internal,5/2/2016,5/4/2016,0,303.34
Treadclimber,Electronic - Short Form,CAM36104 SAWSF11E,Call Center Internal,5/2/2016,5/4/2016,0,67.93
Bowflex Max Trainer,Electronic - Short Form,CAM44172 dseesf14a,Web,5/2/2016,5/4/2016,1,1871.99
Bowflex Max Trainer,Electronic - Short Form,CAM48876 DSEESF15A,Web,5/2/2016,5/4/2016,1,1758.00
Bowflex Selecttech Dumbbells,Electronic - UnSourced,CAM11920 SAWWEBST,Call Center Internal,5/2/2016,5/4/2016,2,1803.05
Bowflex Catalog,Electronic - UnSourced,CAM127 1800BOWFLEX_BFC,Call Center Internal,5/2/2016,5/4/2016,1,1599.00
Bowflex Selecttech Dumbbells,Electronic - UnSourced,CAM129 1800BOWFLEX_BST,Call Center Internal,5/2/2016,5/4/2016,1,887.00
Treadclimber,Electronic - UnSourced,CAM16414 DEGBFTRC,Call Center Internal,5/2/2016,5/4/2016,1,3218.10
Bowflex Max Trainer,Electronic - UnSourced,CAM44236 SAWMAX,Call Center Internal,5/2/2016,5/4/2016,11,20426.90
Bowflex Max Trainer,Electronic - UnSourced,CAM44626 1800BOWFLEX_BMT,Call Center Internal,5/2/2016,5/4/2016,1,1049.00
Treadclimber,Electronic - UnSourced,CAM6025 SAWWEBTC,Call Center Internal,5/2/2016,5/4/2016,3,7344.15
Treadclimber,Electronic - UnSourced,CAM16414 DEGBFTRC,Web,5/2/2016,5/4/2016,3,8196.20
Bowflex Home Gyms,Electronic - UnSourced,CAM16616 DEGBFBHG,Web,5/2/2016,5/4/2016,0,238.99
Bowflex Selecttech Dumbbells,Electronic - UnSourced,CAM23877 degd1sitest,Web,5/2/2016,5/4/2016,5,2891.97
Treadclimber,Electronic - UnSourced,CAM23879 degt1sitetc,Web,5/2/2016,5/4/2016,2,5247.20
Bowflex Home Gyms,Electronic - UnSourced,CAM28771 degg1siteg,Web,5/2/2016,5/4/2016,1,1941.95
Bowflex Home Gyms,Electronic - UnSourced,CAM32136 deggbhg,Web,5/2/2016,5/4/2016,0,152.97
Bowflex Selecttech Dumbbells,Electronic - UnSourced,CAM34888 degdbst,Web,5/2/2016,5/4/2016,1,349.00
Bowflex Max Trainer,Electronic - UnSourced,CAM41189 degemax,Web,5/2/2016,5/4/2016,19,30597.00
Bowflex Max Trainer,Electronic - UnSourced,CAM44433 dege1sitemx,Web,5/2/2016,5/4/2016,13,23988.98
Treadclimber,Online,CAM6110 SAWGOOGTC,Call Center Internal,5/2/2016,5/4/2016,1,2084.63
Bowflex Max Trainer,Online Display,CAM47239 SAWDODCTOE,Call Center Internal,5/2/2016,5/4/2016,3,4217.30
Treadclimber,Online Display,CAM47235 SAWDODCTOT,Third Party Call Center - Evolve,5/2/2016,5/4/2016,1,2799.00
Bowflex Max Trainer,Online Display,CAM45910 DODADCEDL3,Web,5/2/2016,5/4/2016,1,1049.00
Bowflex Max Trainer,Online Display,CAM47251 DODCTOEDL2,Web,5/2/2016,5/4/2016,2,2257.00
Treadclimber,Online Display,CAM47254 DODCTOTDL1,Web,5/2/2016,5/4/2016,1,2029.10
Bowflex Selecttech Dumbbells,Online Display,CAM47267 DODCTODDL2,Web,5/2/2016,5/4/2016,1,549.00
Bowflex Selecttech Dumbbells,Online Search,CAM30793 SAWDOSG2D,Call Center Internal,5/2/2016,5/4/2016,3,3293.00
Bowflex Home Gyms,Online Search,CAM30796 SAWDOSG2G,Call Center Internal,5/2/2016,5/4/2016,1,2132.87
Bowflex Selecttech Dumbbells,Online Search,CAM32596 SAWDOSBID,Call Center Internal,5/2/2016,5/4/2016,1,548.00
Bowflex Max Trainer,Online Search,CAM44223 SAWDOSBIE,Call Center Internal,5/2/2016,5/4/2016,10,18071.98
Bowflex Max Trainer,Online Search,CAM44230 SAWDOSG2E,Call Center Internal,5/2/2016,5/4/2016,3,3906.00
Bowflex Max Trainer,Online Search,CAM44497 dosg2esl1,Call Center Internal,5/2/2016,5/4/2016,1,1188.60
Bowflex Max Trainer,Online Search,CAM44539 SAWDOSG2EMOBILE2,Call Center Internal,5/2/2016,5/4/2016,1,1099.00
Bowflex Max Trainer,Online Search,CAM44539 SAWDOSG2EMOBILE2,Third Party Call Center - Evolve,5/2/2016,5/4/2016,1,1499.00
Bowflex Home Gyms,Online Search,CAM31080 dosg2ggl1bf,Web,5/2/2016,5/4/2016,1,1512.99
Treadclimber,Online Search,CAM31082 dosg2tgl1tc,Web,5/2/2016,5/4/2016,2,4077.18
Bowflex Catalog,Online Search,CAM32376 dosg2csl1,Web,5/2/2016,5/4/2016,0,24.98
Bowflex Catalog,Online Search,CAM32380 dosmsncsl1,Web,5/2/2016,5/4/2016,0,17.98
Bowflex Home Gyms,Online Search,CAM37434 dosg2gsl29,Web,5/2/2016,5/4/2016,1,2998.00
Treadclimber,Online Search,CAM37440 dosg2tsl21,Web,5/2/2016,5/4/2016,4,9296.19
Treadclimber,Online Search,CAM37493 dosbitsl6,Web,5/2/2016,5/4/2016,1,2029.10
Treadclimber,Online Search,CAM37655 dosbitsl10,Web,5/2/2016,5/4/2016,2,4307.20
Bowflex Home Gyms,Online Search,CAM37743 dosbigsl6,Web,5/2/2016,5/4/2016,1,3396.00
Bowflex Selecttech Dumbbells,Online Search,CAM39439 dosbidgl1st,Web,5/2/2016,5/4/2016,2,1144.99
Bowflex Home Gyms,Online Search,CAM39440 dosbiggl1bf,Web,5/2/2016,5/4/2016,0,17.98
Treadclimber,Online Search,CAM43666 dosg2tmobile4,Web,5/2/2016,5/4/2016,3,6196.29
Bowflex Max Trainer,Online Search,CAM44429 dosbiesl1,Web,5/2/2016,5/4/2016,6,11093.00
Bowflex Max Trainer,Online Search,CAM44435 dosg2egl1mx,Web,5/2/2016,5/4/2016,8,12600.99
Bowflex Max Trainer,Online Search,CAM44497 dosg2esl1,Web,5/2/2016,5/4/2016,12,15997.00
Bowflex Max Trainer,Online Search,CAM44520 dosbiegl1mx,Web,5/2/2016,5/4/2016,4,5846.00
Bowflex Max Trainer,Online Search,CAM44560 dosg2esl5,Web,5/2/2016,5/4/2016,1,1698.00
Bowflex Max Trainer,Online Search,CAM44952 dosbieml1,Web,5/2/2016,5/4/2016,2,3407.00
Bowflex Max Trainer,Online Search,CAM45009 dosg2eml1,Web,5/2/2016,5/4/2016,7,11002.00
Bowflex Max Trainer,Online Search,CAM45730 DOSG2ESL7,Web,5/2/2016,5/4/2016,2,3198.00
Bowflex Max Trainer,Online Search,CAM45732 DOSBIESL7,Web,5/2/2016,5/4/2016,1,1599.00
Treadclimber,Online Search,CAM45852 DOSG2TSL32,Web,5/2/2016,5/4/2016,1,2387.09
Bowflex Max Trainer,Online Search,CAM47150 DOSG2ESL9,Web,5/2/2016,5/4/2016,1,1208.00
Bowflex Max Trainer,Online Search,CAM47151 DOSG2EML2,Web,5/2/2016,5/4/2016,2,2648.00
Bowflex Catalog,Online Shopping,CAM33953 SAWDOFG2C,Call Center Internal,5/2/2016,5/4/2016,0,228.99
Bowflex Max Trainer,Online Shopping,CAM45042 SAWDOFBIE,Call Center Internal,5/2/2016,5/4/2016,1,2199.00
Bowflex Max Trainer,Online Shopping,CAM45043 SAWDOFG2E,Call Center Internal,5/2/2016,5/4/2016,1,999.00
Bowflex Home Gyms,Online Shopping,CAM32062 dofg2gfeed1,Web,5/2/2016,5/4/2016,1,1768.99
Bowflex Catalog,Online Shopping,CAM33966 dofg2cfeed1,Web,5/2/2016,5/4/2016,2,2304.80
Bowflex Max Trainer,Online Shopping,CAM44887 dofg2efeed1,Web,5/2/2016,5/4/2016,13,19045.00
Bowflex Max Trainer,Online Shopping,CAM44948 dofbiefeed1,Web,5/2/2016,5/4/2016,2,3248.00
Bowflex Max Trainer,Online Shopping,CAM48975 DOFG2EFEED2,Web,5/2/2016,5/4/2016,6,8043.00
Bowflex Catalog,Online Shopping,CAM48980 DOFG2CFEED3,Web,5/2/2016,5/4/2016,0,166.95
Treadclimber,Online Social,CAM48183 SAWDOXFBTSCODE,Call Center Internal,5/2/2016,5/4/2016,2,4998.20
Bowflex Max Trainer,Online Social,CAM48200 SAWDOXFBESCODE,Call Center Internal,5/2/2016,5/4/2016,1,2199.00
Bowflex Max Trainer,Online Social,CAM48205 DOXFBESCODE005,Call Center Internal,5/2/2016,5/4/2016,1,1599.00
Bowflex Selecttech Dumbbells,Online Social,CAM48208 DOXFBDSCODE002,Call Center Internal,5/2/2016,5/4/2016,1,688.00
Treadclimber,Online Social,CAM48185 DOXFBTSCODE002,Web,5/2/2016,5/4/2016,2,5247.20
Bowflex Max Trainer,Online Social,CAM48202 DOXFBESCODE002,Web,5/2/2016,5/4/2016,11,19985.98
Bowflex Max Trainer,Online Social,CAM48203 DOXFBESCODE003,Web,5/2/2016,5/4/2016,2,3357.00
Bowflex Selecttech Dumbbells,Online Social,CAM48208 DOXFBDSCODE002,Web,5/2/2016,5/4/2016,1,488.00
Bowflex Max Trainer,Short Form,CAM48754 JUSTN120J14FSTIC,Call Center Internal,5/2/2016,5/4/2016,1,1857.00
Bowflex Max Trainer,Short Form,CAM48758 CMT*N120J14FSTIC,Call Center Internal,5/2/2016,5/4/2016,1,1599.00
Bowflex Max Trainer,Short Form,CAM48775 SUNDN180JACFSTIC,Call Center Internal,5/2/2016,5/4/2016,1,1599.00
Treadclimber,Short Form,CAM49226 HMM*N120WMN16TIC,Call Center Internal,5/2/2016,5/4/2016,2,4492.09
Treadclimber,Short Form,CAM49228 INSPN120BOO16TIC,Call Center Internal,5/2/2016,5/4/2016,2,3368.79
Treadclimber,Short Form,CAM49229 METVN120BOO16TIC,Call Center Internal,5/2/2016,5/4/2016,1,2199.00
Treadclimber,Short Form,CAM49232 DCADN120BOO16TIC,Call Center Internal,5/2/2016,5/4/2016,0,111.92
Bowflex Max Trainer,Short Form,CAM49339 SPKEN120HAM7*TIC,Call Center Internal,5/2/2016,5/4/2016,1,1599.00
Bowflex Max Trainer,Short Form,CAM49341 IFC*N120HAM7*TIC,Call Center Internal,5/2/2016,5/4/2016,1,1599.00
Bowflex Home Gyms,Un-Sourced,CAM28157 SALESFOLLOWUP,Call Center Internal,5/2/2016,5/4/2016,5,10719.08
Bowflex Selecttech Dumbbells,Un-Sourced,CAM40819 1800SELECTTECH,Call Center Internal,5/2/2016,5/4/2016,1,669.14
Bowflex Home Gyms,Un-Sourced,CAM40821 1800BOWFLEX,Call Center Internal,5/2/2016,5/4/2016,0,124.37
Treadclimber,Un-Sourced,CAM40825 1800TREADCLIMBER,Call Center Internal,5/2/2016,5/4/2016,5,8267.85
Bowflex Max Trainer,Un-Sourced,CAM45327 1800MAXTRAINER,Call Center Internal,5/2/2016,5/4/2016,10,15636.29
Bowflex Max Trainer,Digital - Info Kit,CAM49053 DEDIKE2016Q1A,Web,5/2/2016,5/5/2016,1,1599.00
Treadclimber,Electronic - Short Form,CAM36104 SAWSF11E,Call Center Internal,5/2/2016,5/5/2016,0,117.38
Treadclimber,Electronic - Short Form,CAM36608 dsetsf12a,Call Center Internal,5/2/2016,5/5/2016,1,2199.00
Bowflex Max Trainer,Electronic - Short Form,CAM44215 SAWDSEESF14A,Call Center Internal,5/2/2016,5/5/2016,0,159.00
Bowflex Max Trainer,Electronic - Short Form,CAM48876 DSEESF15A,Call Center Internal,5/2/2016,5/5/2016,1,1698.00
Bowflex Max Trainer,Electronic - Short Form,CAM44172 dseesf14a,Web,5/2/2016,5/5/2016,1,1099.00
Bowflex Max Trainer,Electronic - Short Form,CAM45388 DSEESF14F,Web,5/2/2016,5/5/2016,1,1049.00
Treadclimber,Electronic - Short Form,CAM49292 DSETSF16A,Web,5/2/2016,5/5/2016,1,2278.10
Bowflex Selecttech Dumbbells,Electronic - UnSourced,CAM11920 SAWWEBST,Call Center Internal,5/2/2016,5/5/2016,0,83.84
Bowflex Catalog,Electronic - UnSourced,CAM127 1800BOWFLEX_BFC,Call Center Internal,5/2/2016,5/5/2016,0,.00
Bowflex Home Gyms,Electronic - UnSourced,CAM136 1800NAUTILUS_BFX,Call Center Internal,5/2/2016,5/5/2016,1,1399.00
Bowflex Home Gyms,Electronic - UnSourced,CAM25756 DEGSAWBFG,Call Center Internal,5/2/2016,5/5/2016,0,288.97
Bowflex Home Gyms,Electronic - UnSourced,CAM28771 degg1siteg,Call Center Internal,5/2/2016,5/5/2016,1,1579.97
Bowflex Max Trainer,Electronic - UnSourced,CAM44236 SAWMAX,Call Center Internal,5/2/2016,5/5/2016,8,13109.30
Bowflex Max Trainer,Electronic - UnSourced,CAM44626 1800BOWFLEX_BMT,Call Center Internal,5/2/2016,5/5/2016,1,1788.30
Treadclimber,Electronic - UnSourced,CAM6025 SAWWEBTC,Call Center Internal,5/2/2016,5/5/2016,4,9082.05
Treadclimber,Electronic - UnSourced,CAM16414 DEGBFTRC,Web,5/2/2016,5/5/2016,4,11242.27
Bowflex Selecttech Dumbbells,Electronic - UnSourced,CAM23877 degd1sitest,Web,5/2/2016,5/5/2016,6,2944.00
Treadclimber,Electronic - UnSourced,CAM23879 degt1sitetc,Web,5/2/2016,5/5/2016,4,8493.37
Bowflex Home Gyms,Electronic - UnSourced,CAM28771 degg1siteg,Web,5/2/2016,5/5/2016,2,1856.99
Bowflex Home Gyms,Electronic - UnSourced,CAM32136 deggbhg,Web,5/2/2016,5/5/2016,1,74.96
Bowflex Max Trainer,Electronic - UnSourced,CAM41189 degemax,Web,5/2/2016,5/5/2016,17,28376.99
Bowflex Max Trainer,Electronic - UnSourced,CAM44433 dege1sitemx,Web,5/2/2016,5/5/2016,17,29308.00
Treadclimber,Online,CAM12351 SAWFROOGTC,Call Center Internal,5/2/2016,5/5/2016,1,2048.08
Treadclimber,Online,CAM6110 SAWGOOGTC,Call Center Internal,5/2/2016,5/5/2016,1,2969.10
Treadclimber,Online Display,CAM47235 SAWDODCTOT,Third Party Call Center - Evolve,5/2/2016,5/5/2016,1,2162.99
Bowflex Max Trainer,Online Display,CAM47251 DODCTOEDL2,Web,5/2/2016,5/5/2016,4,6055.00
Treadclimber,Online Display,CAM47254 DODCTOTDL1,Web,5/2/2016,5/5/2016,2,5247.20
Bowflex Selecttech Dumbbells,Online Display,CAM47267 DODCTODDL2,Web,5/2/2016,5/5/2016,2,848.00
Bowflex Selecttech Dumbbells,Online Search,CAM30793 SAWDOSG2D,Call Center Internal,5/2/2016,5/5/2016,2,663.60
Bowflex Home Gyms,Online Search,CAM30796 SAWDOSG2G,Call Center Internal,5/2/2016,5/5/2016,0,49.98
Treadclimber,Online Search,CAM32595 SAWDOSBIT,Call Center Internal,5/2/2016,5/5/2016,1,2029.10
Bowflex Max Trainer,Online Search,CAM44223 SAWDOSBIE,Call Center Internal,5/2/2016,5/5/2016,4,8255.00
Bowflex Max Trainer,Online Search,CAM44230 SAWDOSG2E,Call Center Internal,5/2/2016,5/5/2016,6,11066.99
Bowflex Max Trainer,Online Search,CAM44429 dosbiesl1,Call Center Internal,5/2/2016,5/5/2016,1,1857.00
Bowflex Max Trainer,Online Search,CAM44539 SAWDOSG2EMOBILE2,Call Center Internal,5/2/2016,5/5/2016,2,3248.00
Bowflex Max Trainer,Online Search,CAM45009 dosg2eml1,Call Center Internal,5/2/2016,5/5/2016,1,1599.00
Bowflex Max Trainer,Online Search,CAM47150 DOSG2ESL9,Call Center Internal,5/2/2016,5/5/2016,1,2199.00
Bowflex Max Trainer,Online Search,CAM44223 SAWDOSBIE,Third Party Call Center - Evolve,5/2/2016,5/5/2016,1,1499.00
Bowflex Home Gyms,Online Search,CAM31080 dosg2ggl1bf,Web,5/2/2016,5/5/2016,1,1690.92
Treadclimber,Online Search,CAM31082 dosg2tgl1tc,Web,5/2/2016,5/5/2016,1,3068.10
Bowflex Catalog,Online Search,CAM32376 dosg2csl1,Web,5/2/2016,5/5/2016,1,129.97
Bowflex Selecttech Dumbbells,Online Search,CAM32678 dosg2dgl1st,Web,5/2/2016,5/5/2016,2,1098.00
Bowflex Home Gyms,Online Search,CAM37434 dosg2gsl29,Web,5/2/2016,5/5/2016,1,1986.97
Treadclimber,Online Search,CAM37440 dosg2tsl21,Web,5/2/2016,5/5/2016,4,9056.40
Treadclimber,Online Search,CAM37655 dosbitsl10,Web,5/2/2016,5/5/2016,1,2029.10
Treadclimber,Online Search,CAM39442 dosbitgl1tc,Web,5/2/2016,5/5/2016,0,16.98
Bowflex Max Trainer,Online Search,CAM44429 dosbiesl1,Web,5/2/2016,5/5/2016,4,7618.98
Bowflex Max Trainer,Online Search,CAM44435 dosg2egl1mx,Web,5/2/2016,5/5/2016,4,5004.00
Bowflex Max Trainer,Online Search,CAM44497 dosg2esl1,Web,5/2/2016,5/5/2016,20,33751.95
Bowflex Max Trainer,Online Search,CAM44520 dosbiegl1mx,Web,5/2/2016,5/5/2016,4,6296.00
Bowflex Max Trainer,Online Search,CAM44560 dosg2esl5,Web,5/2/2016,5/5/2016,2,2707.00
Bowflex Max Trainer,Online Search,CAM44567 dosg2esl3,Web,5/2/2016,5/5/2016,1,1599.00
Bowflex Max Trainer,Online Search,CAM44952 dosbieml1,Web,5/2/2016,5/5/2016,2,4398.00
Bowflex Max Trainer,Online Search,CAM45009 dosg2eml1,Web,5/2/2016,5/5/2016,5,9354.00
Bowflex Max Trainer,Online Search,CAM45730 DOSG2ESL7,Web,5/2/2016,5/5/2016,1,1599.00
Bowflex Max Trainer,Online Search,CAM47150 DOSG2ESL9,Web,5/2/2016,5/5/2016,6,9193.00
Treadclimber,Online Search,CAM48472 DOSG2TSL38,Web,5/2/2016,5/5/2016,1,2029.10
Bowflex Home Gyms,Online Shopping,CAM32080 SAWDOFG2G,Call Center Internal,5/2/2016,5/5/2016,1,1897.99
Bowflex Home Gyms,Online Shopping,CAM32087 SAWDOFYAHG,Call Center Internal,5/2/2016,5/5/2016,1,1618.34
Bowflex Max Trainer,Online Shopping,CAM45042 SAWDOFBIE,Call Center Internal,5/2/2016,5/5/2016,1,1599.00
Bowflex Max Trainer,Online Shopping,CAM45043 SAWDOFG2E,Call Center Internal,5/2/2016,5/5/2016,2,2098.00
Bowflex Max Trainer,Online Shopping,CAM45042 SAWDOFBIE,Third Party Call Center - Evolve,5/2/2016,5/5/2016,1,2199.00
Bowflex Home Gyms,Online Shopping,CAM32062 dofg2gfeed1,Web,5/2/2016,5/5/2016,0,133.97
Treadclimber,Online Shopping,CAM32123 dofg2tfeed1,Web,5/2/2016,5/5/2016,1,3218.10
Bowflex Catalog,Online Shopping,CAM33966 dofg2cfeed1,Web,5/2/2016,5/5/2016,0,259.87
Bowflex Max Trainer,Online Shopping,CAM44887 dofg2efeed1,Web,5/2/2016,5/5/2016,13,21621.00
Bowflex Max Trainer,Online Shopping,CAM48975 DOFG2EFEED2,Web,5/2/2016,5/5/2016,3,4997.00
Bowflex Catalog,Online Shopping,CAM48980 DOFG2CFEED3,Web,5/2/2016,5/5/2016,0,7.39
Bowflex Max Trainer,Online Social,CAM45898 DOXFBERESPONSE,Call Center Internal,5/2/2016,5/5/2016,1,1608.60
Bowflex Max Trainer,Online Social,CAM48200 SAWDOXFBESCODE,Call Center Internal,5/2/2016,5/5/2016,1,1049.00
Treadclimber,Online Social,CAM48185 DOXFBTSCODE002,Web,5/2/2016,5/5/2016,1,2029.10
Treadclimber,Online Social,CAM48186 DOXFBTSCODE003,Web,5/2/2016,5/5/2016,1,2969.10
Bowflex Max Trainer,Online Social,CAM48202 DOXFBESCODE002,Web,5/2/2016,5/5/2016,4,6764.00
Bowflex Max Trainer,Online Social,CAM48203 DOXFBESCODE003,Web,5/2/2016,5/5/2016,2,3798.00
Bowflex Max Trainer,Online Social,CAM48205 DOXFBESCODE005,Web,5/2/2016,5/5/2016,1,1049.00
Bowflex Selecttech Dumbbells,Online Social,CAM48208 DOXFBDSCODE002,Web,5/2/2016,5/5/2016,1,349.00
Bowflex Max Trainer,Short Form,CAM47195 SPKEN120HAMBYTIC,Call Center Internal,5/2/2016,5/5/2016,1,1413.99
Treadclimber,Short Form,CAM48517 LMN*N60*HKINGTIC,Call Center Internal,5/2/2016,5/5/2016,2,3407.00
Treadclimber,Short Form,CAM48518 INSPN180HKINGTIC,Call Center Internal,5/2/2016,5/5/2016,1,2157.07
Bowflex Max Trainer,Short Form,CAM48750 IFC*N120J14FSTIC,Call Center Internal,5/2/2016,5/5/2016,1,1698.00
Bowflex Max Trainer,Short Form,CAM48778 DTVSN60*J14FSTIC,Call Center Internal,5/2/2016,5/5/2016,1,1698.00
Treadclimber,Short Form,CAM48812 OXGNN60*HKINGTIC,Call Center Internal,5/2/2016,5/5/2016,1,2312.99
Treadclimber,Short Form,CAM49229 METVN120BOO16TIC,Call Center Internal,5/2/2016,5/5/2016,2,4416.19
Treadclimber,Short Form,CAM49237 MOVSN120BOO16TIC,Call Center Internal,5/2/2016,5/5/2016,2,2098.00
Bowflex Max Trainer,Short Form,CAM49298 DTVAN60*J14FSTIC,Call Center Internal,5/2/2016,5/5/2016,1,1049.00
Bowflex Max Trainer,Short Form,CAM49339 SPKEN120HAM7*TIC,Call Center Internal,5/2/2016,5/5/2016,1,2199.00
Bowflex Max Trainer,Short Form,CAM49346 GRITN120HAM7*TIC,Call Center Internal,5/2/2016,5/5/2016,1,2199.00
Bowflex Home Gyms,Un-Sourced,CAM28157 SALESFOLLOWUP,Call Center Internal,5/2/2016,5/5/2016,6,11100.08
Bowflex Selecttech Dumbbells,Un-Sourced,CAM40819 1800SELECTTECH,Call Center Internal,5/2/2016,5/5/2016,2,398.35
Bowflex Home Gyms,Un-Sourced,CAM40821 1800BOWFLEX,Call Center Internal,5/2/2016,5/5/2016,0,518.00
Treadclimber,Un-Sourced,CAM40825 1800TREADCLIMBER,Call Center Internal,5/2/2016,5/5/2016,4,9376.29
Bowflex Max Trainer,Un-Sourced,CAM45327 1800MAXTRAINER,Call Center Internal,5/2/2016,5/5/2016,14,21759.14
Treadclimber,Electronic - Short Form,CAM36104 SAWSF11E,Call Center Internal,5/2/2016,5/6/2016,1,2799.00
Bowflex Max Trainer,Electronic - Short Form,CAM44215 SAWDSEESF14A,Call Center Internal,5/2/2016,5/6/2016,1,1423.99
Bowflex Max Trainer,Electronic - Short Form,CAM44218 SAWDSEESF14D,Call Center Internal,5/2/2016,5/6/2016,1,1599.00
Bowflex Max Trainer,Electronic - Short Form,CAM45798 DSEESF14H,Call Center Internal,5/2/2016,5/6/2016,1,1857.00
Bowflex Max Trainer,Electronic - Short Form,CAM44215 SAWDSEESF14A,Third Party Call Center - Evolve,5/2/2016,5/6/2016,1,1499.00
Bowflex Max Trainer,Electronic - Short Form,CAM48876 DSEESF15A,Web,5/2/2016,5/6/2016,1,2212.99
Treadclimber,Electronic - Short Form,CAM49292 DSETSF16A,Web,5/2/2016,5/6/2016,1,2029.10
Bowflex Max Trainer,Electronic - Short Form,CAM49295 DSEESF16A,Web,5/2/2016,5/6/2016,1,1499.00
Bowflex Selecttech Dumbbells,Electronic - UnSourced,CAM11920 SAWWEBST,Call Center Internal,5/2/2016,5/6/2016,2,2014.56
Bowflex Catalog,Electronic - UnSourced,CAM127 1800BOWFLEX_BFC,Call Center Internal,5/2/2016,5/6/2016,1,1230.60
Bowflex Home Gyms,Electronic - UnSourced,CAM25756 DEGSAWBFG,Call Center Internal,5/2/2016,5/6/2016,2,3318.71
Bowflex Max Trainer,Electronic - UnSourced,CAM44236 SAWMAX,Call Center Internal,5/2/2016,5/6/2016,6,10651.00
Bowflex Max Trainer,Electronic - UnSourced,CAM44626 1800BOWFLEX_BMT,Call Center Internal,5/2/2016,5/6/2016,1,1599.00
Treadclimber,Electronic - UnSourced,CAM6025 SAWWEBTC,Call Center Internal,5/2/2016,5/6/2016,3,5277.10
Treadclimber,Electronic - UnSourced,CAM16414 DEGBFTRC,Web,5/2/2016,5/6/2016,2,5120.05
Bowflex Home Gyms,Electronic - UnSourced,CAM16616 DEGBFBHG,Web,5/2/2016,5/6/2016,3,108.90
Bowflex Selecttech Dumbbells,Electronic - UnSourced,CAM23877 degd1sitest,Web,5/2/2016,5/6/2016,1,549.00
Treadclimber,Electronic - UnSourced,CAM23879 degt1sitetc,Web,5/2/2016,5/6/2016,2,4887.08
Bowflex Home Gyms,Electronic - UnSourced,CAM28771 degg1siteg,Web,5/2/2016,5/6/2016,0,545.88
Bowflex Home Gyms,Electronic - UnSourced,CAM28777 deggrevurl,Web,5/2/2016,5/6/2016,0,38.98
Bowflex Max Trainer,Electronic - UnSourced,CAM41189 degemax,Web,5/2/2016,5/6/2016,13,18544.00
Bowflex Max Trainer,Electronic - UnSourced,CAM44433 dege1sitemx,Web,5/2/2016,5/6/2016,8,13859.00
Treadclimber,Online,CAM6110 SAWGOOGTC,Call Center Internal,5/2/2016,5/6/2016,1,2278.10
Bowflex Max Trainer,Online Display,CAM47251 DODCTOEDL2,Call Center Internal,5/2/2016,5/6/2016,1,1499.00
Bowflex Max Trainer,Online Display,CAM45736 DODRFEDL3,Web,5/2/2016,5/6/2016,1,2199.00
Bowflex Max Trainer,Online Display,CAM45910 DODADCEDL3,Web,5/2/2016,5/6/2016,1,1758.00
Bowflex Max Trainer,Online Display,CAM47251 DODCTOEDL2,Web,5/2/2016,5/6/2016,3,4346.00
Bowflex Max Trainer,Online Display,CAM49246 DODSTLEDL1,Web,5/2/2016,5/6/2016,1,1698.00
Bowflex Selecttech Dumbbells,Online Search,CAM30793 SAWDOSG2D,Call Center Internal,5/2/2016,5/6/2016,0,158.99
Bowflex Home Gyms,Online Search,CAM30796 SAWDOSG2G,Call Center Internal,5/2/2016,5/6/2016,0,145.47
Bowflex Catalog,Online Search,CAM32307 SAWDOSG2C,Call Center Internal,5/2/2016,5/6/2016,1,2138.09
Bowflex Selecttech Dumbbells,Online Search,CAM32596 SAWDOSBID,Call Center Internal,5/2/2016,5/6/2016,0,111.85
Bowflex Max Trainer,Online Search,CAM44223 SAWDOSBIE,Call Center Internal,5/2/2016,5/6/2016,2,2648.00
Bowflex Max Trainer,Online Search,CAM44230 SAWDOSG2E,Call Center Internal,5/2/2016,5/6/2016,8,12628.30
Bowflex Max Trainer,Online Search,CAM44539 SAWDOSG2EMOBILE2,Call Center Internal,5/2/2016,5/6/2016,1,1188.60
Bowflex Max Trainer,Online Search,CAM45009 dosg2eml1,Call Center Internal,5/2/2016,5/6/2016,1,1499.00
Bowflex Max Trainer,Online Search,CAM45692 SAWICAOFG2E,Call Center Internal,5/2/2016,5/6/2016,1,1188.60
Bowflex Max Trainer,Online Search,CAM45730 DOSG2ESL7,Call Center Internal,5/2/2016,5/6/2016,1,1698.00
Bowflex Max Trainer,Online Search,CAM44230 SAWDOSG2E,Third Party Call Center - Evolve,5/2/2016,5/6/2016,1,2358.00
Bowflex Home Gyms,Online Search,CAM31080 dosg2ggl1bf,Web,5/2/2016,5/6/2016,1,1399.00
Bowflex Selecttech Dumbbells,Online Search,CAM32678 dosg2dgl1st,Web,5/2/2016,5/6/2016,2,2273.97
Treadclimber,Online Search,CAM36194 dosg2tsl1,Web,5/2/2016,5/6/2016,1,2297.08
Bowflex Selecttech Dumbbells,Online Search,CAM37148 dosg2dsl12,Web,5/2/2016,5/6/2016,2,1158.00
Treadclimber,Online Search,CAM37440 dosg2tsl21,Web,5/2/2016,5/6/2016,1,2248.00
Bowflex Home Gyms,Online Search,CAM39440 dosbiggl1bf,Web,5/2/2016,5/6/2016,3,4211.99
Bowflex Max Trainer,Online Search,CAM44429 dosbiesl1,Web,5/2/2016,5/6/2016,7,9642.00
Bowflex Max Trainer,Online Search,CAM44435 dosg2egl1mx,Web,5/2/2016,5/6/2016,7,12118.93
Bowflex Max Trainer,Online Search,CAM44497 dosg2esl1,Web,5/2/2016,5/6/2016,10,17974.98
Bowflex Max Trainer,Online Search,CAM44520 dosbiegl1mx,Web,5/2/2016,5/6/2016,6,9020.99
Bowflex Max Trainer,Online Search,CAM45009 dosg2eml1,Web,5/2/2016,5/6/2016,3,5105.00
Bowflex Max Trainer,Online Search,CAM45729 DOSG2ESL6,Web,5/2/2016,5/6/2016,2,2760.99
Bowflex Max Trainer,Online Search,CAM45730 DOSG2ESL7,Web,5/2/2016,5/6/2016,1,1758.00
Bowflex Max Trainer,Online Search,CAM45732 DOSBIESL7,Web,5/2/2016,5/6/2016,1,1599.00
Bowflex Max Trainer,Online Search,CAM47150 DOSG2ESL9,Web,5/2/2016,5/6/2016,3,4346.00
Bowflex Max Trainer,Online Search,CAM47152 DOSBIESL8,Web,5/2/2016,5/6/2016,3,3306.00
Bowflex Max Trainer,Online Search,CAM48984 DOSG2ESL11,Web,5/2/2016,5/6/2016,1,2199.00
Bowflex Max Trainer,Online Shopping,CAM45042 SAWDOFBIE,Call Center Internal,5/2/2016,5/6/2016,1,1049.00
Bowflex Max Trainer,Online Shopping,CAM45043 SAWDOFG2E,Call Center Internal,5/2/2016,5/6/2016,1,1599.00
Bowflex Catalog,Online Shopping,CAM33966 dofg2cfeed1,Web,5/2/2016,5/6/2016,0,119.97
Bowflex Max Trainer,Online Shopping,CAM44887 dofg2efeed1,Web,5/2/2016,5/6/2016,9,11948.00
Treadclimber,Online Shopping,CAM48973 DOFG2TFEED2,Web,5/2/2016,5/6/2016,1,2398.99
Bowflex Max Trainer,Online Shopping,CAM48975 DOFG2EFEED2,Web,5/2/2016,5/6/2016,2,2648.00
Bowflex Catalog,Online Shopping,CAM48980 DOFG2CFEED3,Web,5/2/2016,5/6/2016,0,237.96
Bowflex Max Trainer,Online Social,CAM48202 DOXFBESCODE002,Web,5/2/2016,5/6/2016,4,6863.00
Bowflex Max Trainer,Online Social,CAM48203 DOXFBESCODE003,Web,5/2/2016,5/6/2016,2,4116.00
Bowflex Max Trainer,Online Social,CAM48205 DOXFBESCODE005,Web,5/2/2016,5/6/2016,1,1049.00
Treadclimber,Short Form,CAM48514 DISEN60*HKINGTIC,Call Center Internal,5/2/2016,5/6/2016,1,1799.00
Treadclimber,Short Form,CAM48518 INSPN180HKINGTIC,Call Center Internal,5/2/2016,5/6/2016,1,2029.10
Treadclimber,Short Form,CAM48520 DLFEN180HKINGTIC,Call Center Internal,5/2/2016,5/6/2016,3,4928.00
Bowflex Max Trainer,Short Form,CAM48753 RELZN120J14FSTIC,Call Center Internal,5/2/2016,5/6/2016,1,2199.00
Bowflex Max Trainer,Short Form,CAM48775 SUNDN180JACFSTIC,Call Center Internal,5/2/2016,5/6/2016,1,2199.00
Treadclimber,Short Form,CAM49226 HMM*N120WMN16TIC,Call Center Internal,5/2/2016,5/6/2016,1,1062.99
Treadclimber,Short Form,CAM49228 INSPN120BOO16TIC,Call Center Internal,5/2/2016,5/6/2016,1,1758.00
Treadclimber,Short Form,CAM49231 GAMEN120BOO16TIC,Call Center Internal,5/2/2016,5/6/2016,1,2387.09
Bowflex Max Trainer,Short Form,CAM49339 SPKEN120HAM7*TIC,Call Center Internal,5/2/2016,5/6/2016,1,887.00
Bowflex Max Trainer,Short Form,CAM49350 ODORN120HAM7*TIC,Call Center Internal,5/2/2016,5/6/2016,1,1599.00
Bowflex Home Gyms,Un-Sourced,CAM28157 SALESFOLLOWUP,Call Center Internal,5/2/2016,5/6/2016,1,2336.00
Bowflex Selecttech Dumbbells,Un-Sourced,CAM40819 1800SELECTTECH,Call Center Internal,5/2/2016,5/6/2016,0,60.57
Bowflex Catalog,Un-Sourced,CAM40820 1800BFXCATALOG,Call Center Internal,5/2/2016,5/6/2016,1,498.00
Bowflex Home Gyms,Un-Sourced,CAM40821 1800BOWFLEX,Call Center Internal,5/2/2016,5/6/2016,1,175.47
Treadclimber,Un-Sourced,CAM40825 1800TREADCLIMBER,Call Center Internal,5/2/2016,5/6/2016,2,5227.10
Bowflex Max Trainer,Un-Sourced,CAM45327 1800MAXTRAINER,Call Center Internal,5/2/2016,5/6/2016,5,7470.08
Bowflex Max Trainer,Electronic - Short Form,CAM44172 dseesf14a,Web,5/2/2016,5/7/2016,1,1658.00
Bowflex Max Trainer,Electronic - Short Form,CAM45388 DSEESF14F,Web,5/2/2016,5/7/2016,1,2199.00
Bowflex Max Trainer,Electronic - Short Form,CAM45798 DSEESF14H,Web,5/2/2016,5/7/2016,1,1499.00
Bowflex Max Trainer,Electronic - Short Form,CAM48876 DSEESF15A,Web,5/2/2016,5/7/2016,2,3447.00
Treadclimber,Electronic - UnSourced,CAM133 1800BOWFLEX_TRC,Call Center Internal,5/2/2016,5/7/2016,1,3218.10
Bowflex Home Gyms,Electronic - UnSourced,CAM25756 DEGSAWBFG,Call Center Internal,5/2/2016,5/7/2016,1,1837.99
Bowflex Max Trainer,Electronic - UnSourced,CAM44236 SAWMAX,Call Center Internal,5/2/2016,5/7/2016,6,7434.60
Bowflex Max Trainer,Electronic - UnSourced,CAM45118 SAWBMTDIGIK,Call Center Internal,5/2/2016,5/7/2016,1,2308.00
Treadclimber,Electronic - UnSourced,CAM6025 SAWWEBTC,Call Center Internal,5/2/2016,5/7/2016,1,2406.07
Treadclimber,Electronic - UnSourced,CAM16414 DEGBFTRC,Web,5/2/2016,5/7/2016,2,4058.20
Bowflex Home Gyms,Electronic - UnSourced,CAM16616 DEGBFBHG,Web,5/2/2016,5/7/2016,0,109.99
Bowflex Selecttech Dumbbells,Electronic - UnSourced,CAM23877 degd1sitest,Web,5/2/2016,5/7/2016,3,1524.99
Treadclimber,Electronic - UnSourced,CAM23879 degt1sitetc,Web,5/2/2016,5/7/2016,2,4998.20
Bowflex Home Gyms,Electronic - UnSourced,CAM28771 degg1siteg,Web,5/2/2016,5/7/2016,7,9078.74
Bowflex Home Gyms,Electronic - UnSourced,CAM32136 deggbhg,Web,5/2/2016,5/7/2016,2,4831.96
Bowflex Selecttech Dumbbells,Electronic - UnSourced,CAM34888 degdbst,Web,5/2/2016,5/7/2016,1,549.00
Bowflex Max Trainer,Electronic - UnSourced,CAM41189 degemax,Web,5/2/2016,5/7/2016,19,30215.00
Bowflex Max Trainer,Electronic - UnSourced,CAM44433 dege1sitemx,Web,5/2/2016,5/7/2016,10,18048.00
Treadclimber,Online,CAM6110 SAWGOOGTC,Call Center Internal,5/2/2016,5/7/2016,2,5017.18
Treadclimber,Online,CAM10045 SAWYAHSPTC,Third Party Call Center - Evolve,5/2/2016,5/7/2016,1,2898.00
Bowflex Max Trainer,Online Display,CAM47239 SAWDODCTOE,Call Center Internal,5/2/2016,5/7/2016,1,2199.00
Bowflex Max Trainer,Online Display,CAM47251 DODCTOEDL2,Call Center Internal,5/2/2016,5/7/2016,1,2199.00
Treadclimber,Online Display,CAM38447 dodrftdl1,Web,5/2/2016,5/7/2016,1,2029.10
Bowflex Max Trainer,Online Display,CAM47251 DODCTOEDL2,Web,5/2/2016,5/7/2016,9,15050.00
Bowflex Selecttech Dumbbells,Online Display,CAM47267 DODCTODDL2,Web,5/2/2016,5/7/2016,1,736.98
Bowflex Max Trainer,Online Display,CAM49246 DODSTLEDL1,Web,5/2/2016,5/7/2016,1,1499.00
Bowflex Selecttech Dumbbells,Online Search,CAM30793 SAWDOSG2D,Call Center Internal,5/2/2016,5/7/2016,0,99.00
Bowflex Home Gyms,Online Search,CAM30796 SAWDOSG2G,Call Center Internal,5/2/2016,5/7/2016,1,1797.00
Treadclimber,Online Search,CAM32595 SAWDOSBIT,Call Center Internal,5/2/2016,5/7/2016,3,6391.09
Bowflex Max Trainer,Online Search,CAM44223 SAWDOSBIE,Call Center Internal,5/2/2016,5/7/2016,2,4557.00
Bowflex Max Trainer,Online Search,CAM44230 SAWDOSG2E,Call Center Internal,5/2/2016,5/7/2016,6,8960.00
Bowflex Max Trainer,Online Search,CAM44539 SAWDOSG2EMOBILE2,Call Center Internal,5/2/2016,5/7/2016,1,1049.00
Bowflex Max Trainer,Online Search,CAM44560 dosg2esl5,Call Center Internal,5/2/2016,5/7/2016,1,1599.00
Bowflex Max Trainer,Online Search,CAM45009 dosg2eml1,Call Center Internal,5/2/2016,5/7/2016,1,1788.30
Bowflex Max Trainer,Online Search,CAM44223 SAWDOSBIE,Third Party Call Center - Evolve,5/2/2016,5/7/2016,1,1499.00
Bowflex Max Trainer,Online Search,CAM44230 SAWDOSG2E,Third Party Call Center - Evolve,5/2/2016,5/7/2016,1,999.00
Bowflex Home Gyms,Online Search,CAM31080 dosg2ggl1bf,Web,5/2/2016,5/7/2016,2,5856.86
Bowflex Catalog,Online Search,CAM32376 dosg2csl1,Web,5/2/2016,5/7/2016,0,129.99
Bowflex Selecttech Dumbbells,Online Search,CAM32678 dosg2dgl1st,Web,5/2/2016,5/7/2016,4,2263.99
Bowflex Home Gyms,Online Search,CAM37110 dosbigsl4,Web,5/2/2016,5/7/2016,0,133.97
Bowflex Selecttech Dumbbells,Online Search,CAM37432 dosg2dsl18,Web,5/2/2016,5/7/2016,1,507.99
Treadclimber,Online Search,CAM37440 dosg2tsl21,Web,5/2/2016,5/7/2016,2,3928.10
Treadclimber,Online Search,CAM38842 dosg2tsl27,Web,5/2/2016,5/7/2016,1,2278.10
Bowflex Selecttech Dumbbells,Online Search,CAM39439 dosbidgl1st,Web,5/2/2016,5/7/2016,1,887.00
Bowflex Home Gyms,Online Search,CAM39440 dosbiggl1bf,Web,5/2/2016,5/7/2016,0,49.98
Treadclimber,Online Search,CAM39442 dosbitgl1tc,Web,5/2/2016,5/7/2016,1,2969.10
Bowflex Max Trainer,Online Search,CAM44429 dosbiesl1,Web,5/2/2016,5/7/2016,8,12759.00
Bowflex Max Trainer,Online Search,CAM44435 dosg2egl1mx,Web,5/2/2016,5/7/2016,7,10893.00
Bowflex Max Trainer,Online Search,CAM44497 dosg2esl1,Web,5/2/2016,5/7/2016,14,23089.00
Bowflex Max Trainer,Online Search,CAM44520 dosbiegl1mx,Web,5/2/2016,5/7/2016,2,3248.00
Bowflex Max Trainer,Online Search,CAM44551 dosg2esl4,Web,5/2/2016,5/7/2016,2,3275.98
Bowflex Selecttech Dumbbells,Online Search,CAM44678 dosg2dsl21,Web,5/2/2016,5/7/2016,1,349.00
Bowflex Max Trainer,Online Search,CAM44952 dosbieml1,Web,5/2/2016,5/7/2016,1,1599.00
Bowflex Max Trainer,Online Search,CAM45009 dosg2eml1,Web,5/2/2016,5/7/2016,8,13151.00
Bowflex Max Trainer,Online Search,CAM45729 DOSG2ESL6,Web,5/2/2016,5/7/2016,1,1599.00
Bowflex Max Trainer,Online Search,CAM45730 DOSG2ESL7,Web,5/2/2016,5/7/2016,4,5945.00
Bowflex Max Trainer,Online Search,CAM47150 DOSG2ESL9,Web,5/2/2016,5/7/2016,3,5556.00
Bowflex Max Trainer,Online Search,CAM47151 DOSG2EML2,Web,5/2/2016,5/7/2016,4,5846.00
Bowflex Max Trainer,Online Search,CAM48984 DOSG2ESL11,Web,5/2/2016,5/7/2016,2,4398.00
Bowflex Home Gyms,Online Shopping,CAM32080 SAWDOFG2G,Call Center Internal,5/2/2016,5/7/2016,1,3098.00
Bowflex Max Trainer,Online Shopping,CAM45043 SAWDOFG2E,Call Center Internal,5/2/2016,5/7/2016,0,159.00
Bowflex Catalog,Online Shopping,CAM33966 dofg2cfeed1,Web,5/2/2016,5/7/2016,2,4025.93
Bowflex Max Trainer,Online Shopping,CAM44887 dofg2efeed1,Web,5/2/2016,5/7/2016,9,12768.00
Bowflex Max Trainer,Online Shopping,CAM44948 dofbiefeed1,Web,5/2/2016,5/7/2016,1,1079.00
Treadclimber,Online Shopping,CAM48973 DOFG2TFEED2,Web,5/2/2016,5/7/2016,0,11.48
Bowflex Max Trainer,Online Shopping,CAM48975 DOFG2EFEED2,Web,5/2/2016,5/7/2016,9,13958.00
Bowflex Catalog,Online Shopping,CAM48980 DOFG2CFEED3,Web,5/2/2016,5/7/2016,0,35.47
Bowflex Max Trainer,Online Social,CAM48200 SAWDOXFBESCODE,Call Center Internal,5/2/2016,5/7/2016,1,1857.00
Bowflex Max Trainer,Online Social,CAM48200 SAWDOXFBESCODE,Third Party Call Center - Evolve,5/2/2016,5/7/2016,1,1722.99
Bowflex Max Trainer,Online Social,CAM48202 DOXFBESCODE002,Web,5/2/2016,5/7/2016,3,4346.00
Bowflex Max Trainer,Online Social,CAM48203 DOXFBESCODE003,Web,5/2/2016,5/7/2016,1,1749.00
Bowflex Max Trainer,Online Social,CAM48205 DOXFBESCODE005,Web,5/2/2016,5/7/2016,1,1908.00
Bowflex Selecttech Dumbbells,Online Social,CAM48208 DOXFBDSCODE002,Web,5/2/2016,5/7/2016,1,688.00
Treadclimber,Short Form,CAM48517 LMN*N60*HKINGTIC,Call Center Internal,5/2/2016,5/7/2016,1,2199.00
Treadclimber,Short Form,CAM48520 DLFEN180HKINGTIC,Call Center Internal,5/2/2016,5/7/2016,2,4661.99
Bowflex Max Trainer,Short Form,CAM48753 RELZN120J14FSTIC,Call Center Internal,5/2/2016,5/7/2016,1,1758.00
Bowflex Max Trainer,Short Form,CAM48755 GRITN120J14FSTIC,Call Center Internal,5/2/2016,5/7/2016,1,1771.99
Bowflex Max Trainer,Short Form,CAM48775 SUNDN180JACFSTIC,Call Center Internal,5/2/2016,5/7/2016,2,3456.00
Bowflex Max Trainer,Short Form,CAM48777 VH1CN180JACFSTIC,Call Center Internal,5/2/2016,5/7/2016,1,1848.00
Bowflex Max Trainer,Short Form,CAM48967 PALLN5MNHAMFSTIC,Call Center Internal,5/2/2016,5/7/2016,1,2029.10
Bowflex Max Trainer,Short Form,CAM49223 CLOON5MNHAMFSTIC,Call Center Internal,5/2/2016,5/7/2016,1,1758.00
Treadclimber,Short Form,CAM49226 HMM*N120WMN16TIC,Call Center Internal,5/2/2016,5/7/2016,2,3506.00
Treadclimber,Short Form,CAM49234 GET*N120BOO16TIC,Call Center Internal,5/2/2016,5/7/2016,1,1698.00
Bowflex Home Gyms,Un-Sourced,CAM28157 SALESFOLLOWUP,Call Center Internal,5/2/2016,5/7/2016,3,4855.08
Bowflex Home Gyms,Un-Sourced,CAM40821 1800BOWFLEX,Call Center Internal,5/2/2016,5/7/2016,2,3351.98
Treadclimber,Un-Sourced,CAM40825 1800TREADCLIMBER,Call Center Internal,5/2/2016,5/7/2016,1,2213.99
Bowflex Max Trainer,Un-Sourced,CAM45327 1800MAXTRAINER,Call Center Internal,5/2/2016,5/7/2016,6,9352.00
Bowflex Max Trainer,Electronic - Short Form,CAM48876 DSEESF15A,Call Center Internal,5/2/2016,5/8/2016,1,1049.00
Treadclimber,Electronic - Short Form,CAM36608 dsetsf12a,Web,5/2/2016,5/8/2016,1,2297.08
Bowflex Max Trainer,Electronic - Short Form,CAM44172 dseesf14a,Web,5/2/2016,5/8/2016,2,3457.00
Bowflex Selecttech Dumbbells,Electronic - UnSourced,CAM11920 SAWWEBST,Call Center Internal,5/2/2016,5/8/2016,1,516.60
Bowflex Home Gyms,Electronic - UnSourced,CAM25756 DEGSAWBFG,Call Center Internal,5/2/2016,5/8/2016,3,6134.99
Bowflex Max Trainer,Electronic - UnSourced,CAM44236 SAWMAX,Call Center Internal,5/2/2016,5/8/2016,3,5397.00
Bowflex Max Trainer,Electronic - UnSourced,CAM44626 1800BOWFLEX_BMT,Call Center Internal,5/2/2016,5/8/2016,1,1257.99
Treadclimber,Electronic - UnSourced,CAM6025 SAWWEBTC,Call Center Internal,5/2/2016,5/8/2016,3,7130.33
Bowflex Max Trainer,Electronic - UnSourced,CAM44236 SAWMAX,Third Party Call Center - Evolve,5/2/2016,5/8/2016,1,999.00
Treadclimber,Electronic - UnSourced,CAM16414 DEGBFTRC,Web,5/2/2016,5/8/2016,0,18.98
Bowflex Selecttech Dumbbells,Electronic - UnSourced,CAM23877 degd1sitest,Web,5/2/2016,5/8/2016,9,5644.97
Treadclimber,Electronic - UnSourced,CAM23879 degt1sitetc,Web,5/2/2016,5/8/2016,2,5262.19
Bowflex Home Gyms,Electronic - UnSourced,CAM28771 degg1siteg,Web,5/2/2016,5/8/2016,4,8392.94
Bowflex Home Gyms,Electronic - UnSourced,CAM32136 deggbhg,Web,5/2/2016,5/8/2016,1,1711.98
Bowflex Selecttech Dumbbells,Electronic - UnSourced,CAM34888 degdbst,Web,5/2/2016,5/8/2016,1,887.00
Bowflex Max Trainer,Electronic - UnSourced,CAM41189 degemax,Web,5/2/2016,5/8/2016,22,35871.99
Bowflex Max Trainer,Electronic - UnSourced,CAM44433 dege1sitemx,Web,5/2/2016,5/8/2016,12,22454.00
Treadclimber,Online,CAM6110 SAWGOOGTC,Call Center Internal,5/2/2016,5/8/2016,1,2278.10
Bowflex Max Trainer,Online Display,CAM47239 SAWDODCTOE,Call Center Internal,5/2/2016,5/8/2016,2,3897.00
Bowflex Selecttech Dumbbells,Online Display,CAM47244 SAWDODCTOD,Call Center Internal,5/2/2016,5/8/2016,1,507.99
Bowflex Max Trainer,Online Display,CAM45736 DODRFEDL3,Web,5/2/2016,5/8/2016,1,1599.00
Bowflex Max Trainer,Online Display,CAM47251 DODCTOEDL2,Web,5/2/2016,5/8/2016,7,12761.00
Treadclimber,Online Display,CAM47254 DODCTOTDL1,Web,5/2/2016,5/8/2016,1,2969.10
Bowflex Max Trainer,Online Display,CAM49246 DODSTLEDL1,Web,5/2/2016,5/8/2016,1,1599.00
Bowflex Max Trainer,Online Search,CAM44223 SAWDOSBIE,Call Center Internal,5/2/2016,5/8/2016,1,1049.00
Bowflex Max Trainer,Online Search,CAM44230 SAWDOSG2E,Call Center Internal,5/2/2016,5/8/2016,6,11671.10
Bowflex Max Trainer,Online Search,CAM44230 SAWDOSG2E,Third Party Call Center - Evolve,5/2/2016,5/8/2016,1,1158.00
Bowflex Home Gyms,Online Search,CAM31080 dosg2ggl1bf,Web,5/2/2016,5/8/2016,1,169.93
Bowflex Catalog,Online Search,CAM32376 dosg2csl1,Web,5/2/2016,5/8/2016,0,8.99
Bowflex Catalog,Online Search,CAM32380 dosmsncsl1,Web,5/2/2016,5/8/2016,1,1857.94
Bowflex Selecttech Dumbbells,Online Search,CAM32678 dosg2dgl1st,Web,5/2/2016,5/8/2016,3,2111.99
Bowflex Selecttech Dumbbells,Online Search,CAM37428 dosg2dsl14,Web,5/2/2016,5/8/2016,1,299.00
Treadclimber,Online Search,CAM37440 dosg2tsl21,Web,5/2/2016,5/8/2016,4,10134.28
Treadclimber,Online Search,CAM37443 dosg2tsl24,Web,5/2/2016,5/8/2016,1,2029.10
Treadclimber,Online Search,CAM37493 dosbitsl6,Web,5/2/2016,5/8/2016,1,2969.10
Treadclimber,Online Search,CAM37655 dosbitsl10,Web,5/2/2016,5/8/2016,1,2029.10
Bowflex Selecttech Dumbbells,Online Search,CAM37740 dosbidsl8,Web,5/2/2016,5/8/2016,1,299.00
Bowflex Selecttech Dumbbells,Online Search,CAM39439 dosbidgl1st,Web,5/2/2016,5/8/2016,2,698.00
Treadclimber,Online Search,CAM39442 dosbitgl1tc,Web,5/2/2016,5/8/2016,1,2278.10
Treadclimber,Online Search,CAM43666 dosg2tmobile4,Web,5/2/2016,5/8/2016,1,3218.10
Bowflex Max Trainer,Online Search,CAM44429 dosbiesl1,Web,5/2/2016,5/8/2016,11,19101.00
Bowflex Max Trainer,Online Search,CAM44435 dosg2egl1mx,Web,5/2/2016,5/8/2016,13,21439.99
Bowflex Max Trainer,Online Search,CAM44497 dosg2esl1,Web,5/2/2016,5/8/2016,13,22346.00
Bowflex Max Trainer,Online Search,CAM44520 dosbiegl1mx,Web,5/2/2016,5/8/2016,2,3798.00
Bowflex Max Trainer,Online Search,CAM44551 dosg2esl4,Web,5/2/2016,5/8/2016,1,1698.00
Bowflex Max Trainer,Online Search,CAM44560 dosg2esl5,Web,5/2/2016,5/8/2016,1,2199.00
Bowflex Max Trainer,Online Search,CAM45009 dosg2eml1,Web,5/2/2016,5/8/2016,10,15699.00
Bowflex Max Trainer,Online Search,CAM45729 DOSG2ESL6,Web,5/2/2016,5/8/2016,1,1099.00
Bowflex Max Trainer,Online Search,CAM45730 DOSG2ESL7,Web,5/2/2016,5/8/2016,1,1599.00
Bowflex Max Trainer,Online Search,CAM45732 DOSBIESL7,Web,5/2/2016,5/8/2016,1,1599.00
Bowflex Max Trainer,Online Search,CAM47150 DOSG2ESL9,Web,5/2/2016,5/8/2016,4,7046.00
Bowflex Max Trainer,Online Search,CAM47151 DOSG2EML2,Web,5/2/2016,5/8/2016,2,2698.00
Bowflex Max Trainer,Online Search,CAM48245 DOSG2ESL10,Web,5/2/2016,5/8/2016,1,1599.00
Bowflex Max Trainer,Online Search,CAM48985 DOSBIESL10,Web,5/2/2016,5/8/2016,1,2199.00
Bowflex Catalog,Online Shopping,CAM33953 SAWDOFG2C,Call Center Internal,5/2/2016,5/8/2016,1,2358.00
Bowflex Catalog,Online Shopping,CAM33966 dofg2cfeed1,Web,5/2/2016,5/8/2016,2,3408.48
Bowflex Max Trainer,Online Shopping,CAM44887 dofg2efeed1,Web,5/2/2016,5/8/2016,11,15565.00
Bowflex Max Trainer,Online Shopping,CAM44948 dofbiefeed1,Web,5/2/2016,5/8/2016,2,2798.00
Treadclimber,Online Shopping,CAM48973 DOFG2TFEED2,Web,5/2/2016,5/8/2016,1,2029.10
Bowflex Max Trainer,Online Shopping,CAM48975 DOFG2EFEED2,Web,5/2/2016,5/8/2016,3,4297.00
Bowflex Catalog,Online Shopping,CAM48980 DOFG2CFEED3,Web,5/2/2016,5/8/2016,0,17.98
Bowflex Max Trainer,Online Social,CAM47172 DOXFBEGL1,Web,5/2/2016,5/8/2016,1,1307.00
Treadclimber,Online Social,CAM48185 DOXFBTSCODE002,Web,5/2/2016,5/8/2016,1,2029.10
Bowflex Max Trainer,Online Social,CAM48202 DOXFBESCODE002,Web,5/2/2016,5/8/2016,3,4995.00
Bowflex Max Trainer,Online Social,CAM48205 DOXFBESCODE005,Web,5/2/2016,5/8/2016,1,2508.00
Bowflex Selecttech Dumbbells,Online Social,CAM48208 DOXFBDSCODE002,Web,5/2/2016,5/8/2016,1,349.00
Bowflex Max Trainer,Short Form,CAM49349 FOXNN120HAM7*TIC,Third Party Call Center - Evolve,5/2/2016,5/8/2016,1,1608.00
Bowflex Max Trainer,Electronic - Print,CAM44170 dpeeprint13a,Web,5/9/2016,5/9/2016,1,1049.00
Bowflex Max Trainer,Electronic - Short Form,CAM49296 DSEESF16B,Call Center Internal,5/9/2016,5/9/2016,1,1499.00
Treadclimber,Electronic - Short Form,CAM6060 SAWOTVTC,Call Center Internal,5/9/2016,5/9/2016,1,2969.10
Bowflex Max Trainer,Electronic - Short Form,CAM44172 dseesf14a,Web,5/9/2016,5/9/2016,1,1658.00
Bowflex Max Trainer,Electronic - Short Form,CAM44191 dseesf14d,Web,5/9/2016,5/9/2016,1,1766.99
Treadclimber,Electronic - Short Form,CAM49292 DSETSF16A,Web,5/9/2016,5/9/2016,3,6585.30
Treadclimber,Electronic - Short Form,CAM49293 DSETSF16B,Web,5/9/2016,5/9/2016,1,2278.10
Bowflex Selecttech Dumbbells,Electronic - UnSourced,CAM11920 SAWWEBST,Call Center Internal,5/9/2016,5/9/2016,0,.00
Bowflex Catalog,Electronic - UnSourced,CAM127 1800BOWFLEX_BFC,Call Center Internal,5/9/2016,5/9/2016,2,3881.99
Treadclimber,Electronic - UnSourced,CAM133 1800BOWFLEX_TRC,Call Center Internal,5/9/2016,5/9/2016,2,4142.09
Bowflex Home Gyms,Electronic - UnSourced,CAM25756 DEGSAWBFG,Call Center Internal,5/9/2016,5/9/2016,0,56.34
Bowflex Home Gyms,Electronic - UnSourced,CAM32136 deggbhg,Call Center Internal,5/9/2016,5/9/2016,1,349.00
Bowflex Max Trainer,Electronic - UnSourced,CAM44236 SAWMAX,Call Center Internal,5/9/2016,5/9/2016,11,19539.00
Bowflex Max Trainer,Electronic - UnSourced,CAM44626 1800BOWFLEX_BMT,Call Center Internal,5/9/2016,5/9/2016,3,4346.00
Treadclimber,Electronic - UnSourced,CAM6025 SAWWEBTC,Call Center Internal,5/9/2016,5/9/2016,4,7813.40
Bowflex Max Trainer,Electronic - UnSourced,CAM44236 SAWMAX,Third Party Call Center - Evolve,5/9/2016,5/9/2016,1,1449.00
Treadclimber,Electronic - UnSourced,CAM16414 DEGBFTRC,Web,5/9/2016,5/9/2016,5,11557.48
Bowflex Home Gyms,Electronic - UnSourced,CAM16616 DEGBFBHG,Web,5/9/2016,5/9/2016,1,566.98
Bowflex Selecttech Dumbbells,Electronic - UnSourced,CAM23877 degd1sitest,Web,5/9/2016,5/9/2016,6,4307.00
Treadclimber,Electronic - UnSourced,CAM23879 degt1sitetc,Web,5/9/2016,5/9/2016,1,2278.10
Bowflex Home Gyms,Electronic - UnSourced,CAM28771 degg1siteg,Web,5/9/2016,5/9/2016,1,494.87
Bowflex Max Trainer,Electronic - UnSourced,CAM41189 degemax,Web,5/9/2016,5/9/2016,26,47376.99
Bowflex Max Trainer,Electronic - UnSourced,CAM44433 dege1sitemx,Web,5/9/2016,5/9/2016,17,24689.00
Treadclimber,Online,CAM6110 SAWGOOGTC,Call Center Internal,5/9/2016,5/9/2016,1,2029.10
Treadclimber,Online Display,CAM45041 SAWDODSTLT,Call Center Internal,5/9/2016,5/9/2016,1,2963.99
Bowflex Max Trainer,Online Display,CAM47239 SAWDODCTOE,Call Center Internal,5/9/2016,5/9/2016,1,2358.00
Bowflex Home Gyms,Online Display,CAM47243 SAWDODCTOG,Call Center Internal,5/9/2016,5/9/2016,1,3845.97
Bowflex Selecttech Dumbbells,Online Display,CAM47244 SAWDODCTOD,Call Center Internal,5/9/2016,5/9/2016,0,228.99
Bowflex Max Trainer,Online Display,CAM49245 SAWDODSTLE,Call Center Internal,5/9/2016,5/9/2016,1,1208.00
Bowflex Max Trainer,Online Display,CAM47251 DODCTOEDL2,Web,5/9/2016,5/9/2016,4,6105.00
Treadclimber,Online Display,CAM47254 DODCTOTDL1,Web,5/9/2016,5/9/2016,1,2278.10
Bowflex Selecttech Dumbbells,Online Display,CAM47267 DODCTODDL2,Web,5/9/2016,5/9/2016,1,457.99
Bowflex Max Trainer,Online Display,CAM49246 DODSTLEDL1,Web,5/9/2016,5/9/2016,1,1599.00
Bowflex Selecttech Dumbbells,Online Search,CAM30793 SAWDOSG2D,Call Center Internal,5/9/2016,5/9/2016,0,121.14
Bowflex Home Gyms,Online Search,CAM30796 SAWDOSG2G,Call Center Internal,5/9/2016,5/9/2016,0,26.36
Treadclimber,Online Search,CAM32595 SAWDOSBIT,Call Center Internal,5/9/2016,5/9/2016,1,1539.30
Bowflex Max Trainer,Online Search,CAM44230 SAWDOSG2E,Call Center Internal,5/9/2016,5/9/2016,8,13637.30
Bowflex Max Trainer,Online Search,CAM44435 dosg2egl1mx,Call Center Internal,5/9/2016,5/9/2016,1,2358.00
Bowflex Max Trainer,Online Search,CAM44539 SAWDOSG2EMOBILE2,Call Center Internal,5/9/2016,5/9/2016,4,7694.08
Bowflex Max Trainer,Online Search,CAM44230 SAWDOSG2E,Third Party Call Center - Evolve,5/9/2016,5/9/2016,1,1722.99
Bowflex Home Gyms,Online Search,CAM30755 dosg2gsl1,Web,5/9/2016,5/9/2016,1,3018.98
Bowflex Home Gyms,Online Search,CAM31080 dosg2ggl1bf,Web,5/9/2016,5/9/2016,3,4466.92
Treadclimber,Online Search,CAM31082 dosg2tgl1tc,Web,5/9/2016,5/9/2016,1,2029.10
Bowflex Catalog,Online Search,CAM32376 dosg2csl1,Web,5/9/2016,5/9/2016,0,41.96
Bowflex Selecttech Dumbbells,Online Search,CAM32678 dosg2dgl1st,Web,5/9/2016,5/9/2016,1,1086.00
Treadclimber,Online Search,CAM36206 dosg2tsl7,Web,5/9/2016,5/9/2016,1,3218.10
Bowflex Selecttech Dumbbells,Online Search,CAM37112 dosg2dsl11,Web,5/9/2016,5/9/2016,0,158.99
Treadclimber,Online Search,CAM37440 dosg2tsl21,Web,5/9/2016,5/9/2016,7,15826.61
Treadclimber,Online Search,CAM37443 dosg2tsl24,Web,5/9/2016,5/9/2016,2,4677.09
Bowflex Selecttech Dumbbells,Online Search,CAM39439 dosbidgl1st,Web,5/9/2016,5/9/2016,2,1097.00
Bowflex Home Gyms,Online Search,CAM39440 dosbiggl1bf,Web,5/9/2016,5/9/2016,3,1477.94
Treadclimber,Online Search,CAM39442 dosbitgl1tc,Web,5/9/2016,5/9/2016,2,4556.20
Treadclimber,Online Search,CAM43666 dosg2tmobile4,Web,5/9/2016,5/9/2016,1,2029.10
Bowflex Max Trainer,Online Search,CAM44429 dosbiesl1,Web,5/9/2016,5/9/2016,5,7154.00
Bowflex Max Trainer,Online Search,CAM44435 dosg2egl1mx,Web,5/9/2016,5/9/2016,7,12501.99
Bowflex Max Trainer,Online Search,CAM44497 dosg2esl1,Web,5/9/2016,5/9/2016,16,28501.00
Bowflex Max Trainer,Online Search,CAM44520 dosbiegl1mx,Web,5/9/2016,5/9/2016,4,7244.00
Bowflex Max Trainer,Online Search,CAM44551 dosg2esl4,Web,5/9/2016,5/9/2016,1,1599.00
Bowflex Max Trainer,Online Search,CAM45009 dosg2eml1,Web,5/9/2016,5/9/2016,7,11193.00
Bowflex Max Trainer,Online Search,CAM45729 DOSG2ESL6,Web,5/9/2016,5/9/2016,1,1599.00
Bowflex Max Trainer,Online Search,CAM47150 DOSG2ESL9,Web,5/9/2016,5/9/2016,5,6663.00
Bowflex Max Trainer,Online Search,CAM47151 DOSG2EML2,Web,5/9/2016,5/9/2016,2,2698.00
Bowflex Max Trainer,Online Search,CAM47153 DOSBIEML2,Web,5/9/2016,5/9/2016,1,1599.00
Bowflex Max Trainer,Online Search,CAM48984 DOSG2ESL11,Web,5/9/2016,5/9/2016,2,4557.00
Bowflex Max Trainer,Online Shopping,CAM45042 SAWDOFBIE,Call Center Internal,5/9/2016,5/9/2016,2,2307.00
Bowflex Max Trainer,Online Shopping,CAM45043 SAWDOFG2E,Call Center Internal,5/9/2016,5/9/2016,1,2095.00
Bowflex Home Gyms,Online Shopping,CAM32062 dofg2gfeed1,Web,5/9/2016,5/9/2016,2,4397.00
Treadclimber,Online Shopping,CAM32123 dofg2tfeed1,Web,5/9/2016,5/9/2016,1,2969.10
Bowflex Catalog,Online Shopping,CAM33966 dofg2cfeed1,Web,5/9/2016,5/9/2016,0,95.94
Treadclimber,Online Shopping,CAM44450 dofbitfeed2,Web,5/9/2016,5/9/2016,1,2138.09
Bowflex Max Trainer,Online Shopping,CAM44887 dofg2efeed1,Web,5/9/2016,5/9/2016,7,10769.00
Bowflex Max Trainer,Online Shopping,CAM44948 dofbiefeed1,Web,5/9/2016,5/9/2016,3,5265.00
Bowflex Max Trainer,Online Shopping,CAM48975 DOFG2EFEED2,Web,5/9/2016,5/9/2016,7,8949.41
Bowflex Catalog,Online Shopping,CAM48980 DOFG2CFEED3,Web,5/9/2016,5/9/2016,3,133.91
Bowflex Max Trainer,Online Social,CAM45898 DOXFBERESPONSE,Call Center Internal,5/9/2016,5/9/2016,2,2718.30
Treadclimber,Online Social,CAM48183 SAWDOXFBTSCODE,Call Center Internal,5/9/2016,5/9/2016,1,1658.00
Bowflex Max Trainer,Online Social,CAM48202 DOXFBESCODE002,Web,5/9/2016,5/9/2016,2,3357.00
Bowflex Selecttech Dumbbells,Online Social,CAM48208 DOXFBDSCODE002,Web,5/9/2016,5/9/2016,1,549.00
Treadclimber,Online Social,CAM49381 DOXFBTSCODEDD116,Web,5/9/2016,5/9/2016,3,8397.00
Treadclimber,Online Video,CAM41279 SAWDOVUTT,Call Center Internal,5/9/2016,5/9/2016,1,1049.00
Treadclimber,Print,CAM48586 P0116WEBMDCSYFW,Call Center Internal,5/9/2016,5/9/2016,4,8296.16
Treadclimber,Short Form,CAM48496 HMM*N120HKINGTIC,Call Center Internal,5/9/2016,5/9/2016,1,2029.10
Treadclimber,Short Form,CAM48499 SPKEN120HKINGTIC,Call Center Internal,5/9/2016,5/9/2016,2,3876.15
Bowflex Max Trainer,Short Form,CAM48755 GRITN120J14FSTIC,Call Center Internal,5/9/2016,5/9/2016,1,937.00
Bowflex Max Trainer,Short Form,CAM48775 SUNDN180JACFSTIC,Call Center Internal,5/9/2016,5/9/2016,1,2358.00
Bowflex Max Trainer,Short Form,CAM48793 HERON5MNHAMFSTIC,Call Center Internal,5/9/2016,5/9/2016,1,1599.00
Treadclimber,Short Form,CAM49226 HMM*N120WMN16TIC,Call Center Internal,5/9/2016,5/9/2016,1,1599.00
Treadclimber,Short Form,CAM49228 INSPN120BOO16TIC,Call Center Internal,5/9/2016,5/9/2016,2,4471.36
Treadclimber,Short Form,CAM49229 METVN120BOO16TIC,Call Center Internal,5/9/2016,5/9/2016,2,3638.08
Treadclimber,Short Form,CAM49232 DCADN120BOO16TIC,Call Center Internal,5/9/2016,5/9/2016,4,6160.04
Treadclimber,Short Form,CAM45083 UPTVN120GRT2HTIC,Third Party Call Center - Evolve,5/9/2016,5/9/2016,1,2813.99
Bowflex Home Gyms,Un-Sourced,CAM28157 SALESFOLLOWUP,Call Center Internal,5/9/2016,5/9/2016,3,3296.00
Bowflex Selecttech Dumbbells,Un-Sourced,CAM40819 1800SELECTTECH,Call Center Internal,5/9/2016,5/9/2016,0,165.69
Bowflex Home Gyms,Un-Sourced,CAM40821 1800BOWFLEX,Call Center Internal,5/9/2016,5/9/2016,2,4346.30
Treadclimber,Un-Sourced,CAM40825 1800TREADCLIMBER,Call Center Internal,5/9/2016,5/9/2016,8,15460.64
Bowflex Revolution,Un-Sourced,CAM40829 1800REVOLUTION,Call Center Internal,5/9/2016,5/9/2016,0,79.74
Bowflex Max Trainer,Un-Sourced,CAM45327 1800MAXTRAINER,Call Center Internal,5/9/2016,5/9/2016,11,20914.00
Bowflex Max Trainer,Digital - Info Kit,CAM49053 DEDIKE2016Q1A,Web,5/9/2016,5/10/2016,1,1758.00
Treadclimber,Electronic - Print,CAM37133 QRCODEWDAY1,Call Center Internal,5/9/2016,5/10/2016,1,1599.00
Bowflex Max Trainer,Electronic - Short Form,CAM44215 SAWDSEESF14A,Call Center Internal,5/9/2016,5/10/2016,1,1235.87
Bowflex Max Trainer,Electronic - Short Form,CAM44172 dseesf14a,Web,5/9/2016,5/10/2016,2,2598.00
Bowflex Max Trainer,Electronic - Short Form,CAM49295 DSEESF16A,Web,5/9/2016,5/10/2016,1,1599.00
Bowflex Selecttech Dumbbells,Electronic - UnSourced,CAM11920 SAWWEBST,Call Center Internal,5/9/2016,5/10/2016,2,1266.25
Bowflex Catalog,Electronic - UnSourced,CAM127 1800BOWFLEX_BFC,Call Center Internal,5/9/2016,5/10/2016,4,8177.99
Treadclimber,Electronic - UnSourced,CAM133 1800BOWFLEX_TRC,Call Center Internal,5/9/2016,5/10/2016,1,3233.09
Treadclimber,Electronic - UnSourced,CAM23879 degt1sitetc,Call Center Internal,5/9/2016,5/10/2016,1,2029.10
Bowflex Home Gyms,Electronic - UnSourced,CAM25756 DEGSAWBFG,Call Center Internal,5/9/2016,5/10/2016,0,43.35
Bowflex Max Trainer,Electronic - UnSourced,CAM44236 SAWMAX,Call Center Internal,5/9/2016,5/10/2016,11,17437.49
Bowflex Max Trainer,Electronic - UnSourced,CAM44433 dege1sitemx,Call Center Internal,5/9/2016,5/10/2016,1,1049.00
Bowflex Max Trainer,Electronic - UnSourced,CAM44626 1800BOWFLEX_BMT,Call Center Internal,5/9/2016,5/10/2016,2,3798.00
Treadclimber,Electronic - UnSourced,CAM6025 SAWWEBTC,Call Center Internal,5/9/2016,5/10/2016,6,13220.32
Bowflex Max Trainer,Electronic - UnSourced,CAM44236 SAWMAX,Third Party Call Center - Evolve,5/9/2016,5/10/2016,1,1158.00
Treadclimber,Electronic - UnSourced,CAM16414 DEGBFTRC,Web,5/9/2016,5/10/2016,2,5384.16
Bowflex Home Gyms,Electronic - UnSourced,CAM16616 DEGBFBHG,Web,5/9/2016,5/10/2016,0,137.92
Bowflex Catalog,Electronic - UnSourced,CAM23587 degcfootlinktc,Web,5/9/2016,5/10/2016,1,999.00
Bowflex Selecttech Dumbbells,Electronic - UnSourced,CAM23877 degd1sitest,Web,5/9/2016,5/10/2016,2,1036.00
Treadclimber,Electronic - UnSourced,CAM23879 degt1sitetc,Web,5/9/2016,5/10/2016,3,8315.30
Bowflex Home Gyms,Electronic - UnSourced,CAM28771 degg1siteg,Web,5/9/2016,5/10/2016,7,13235.97
Bowflex Home Gyms,Electronic - UnSourced,CAM32136 deggbhg,Web,5/9/2016,5/10/2016,1,1293.18
Bowflex Selecttech Dumbbells,Electronic - UnSourced,CAM34888 degdbst,Web,5/9/2016,5/10/2016,1,845.97
Bowflex Max Trainer,Electronic - UnSourced,CAM41189 degemax,Web,5/9/2016,5/10/2016,16,27658.00
Bowflex Max Trainer,Electronic - UnSourced,CAM44433 dege1sitemx,Web,5/9/2016,5/10/2016,17,30467.64
Treadclimber,Online,CAM6110 SAWGOOGTC,Call Center Internal,5/9/2016,5/10/2016,4,9322.14
Treadclimber,Online,CAM6110 SAWGOOGTC,Third Party Call Center - Evolve,5/9/2016,5/10/2016,1,2098.00
Bowflex Max Trainer,Online Display,CAM47239 SAWDODCTOE,Call Center Internal,5/9/2016,5/10/2016,3,6096.00
Bowflex Max Trainer,Online Display,CAM49245 SAWDODSTLE,Call Center Internal,5/9/2016,5/10/2016,1,2563.39
Treadclimber,Online Display,CAM38447 dodrftdl1,Web,5/9/2016,5/10/2016,1,2029.10
Bowflex Max Trainer,Online Display,CAM45736 DODRFEDL3,Web,5/9/2016,5/10/2016,2,2648.00
Bowflex Selecttech Dumbbells,Online Display,CAM47267 DODCTODDL2,Web,5/9/2016,5/10/2016,1,549.00
Bowflex Selecttech Dumbbells,Online Search,CAM30793 SAWDOSG2D,Call Center Internal,5/9/2016,5/10/2016,1,2048.08
Bowflex Home Gyms,Online Search,CAM30796 SAWDOSG2G,Call Center Internal,5/9/2016,5/10/2016,0,480.76
Bowflex Catalog,Online Search,CAM32308 SAWDOSMSNC,Call Center Internal,5/9/2016,5/10/2016,1,3068.10
Bowflex Max Trainer,Online Search,CAM44223 SAWDOSBIE,Call Center Internal,5/9/2016,5/10/2016,2,3798.00
Bowflex Max Trainer,Online Search,CAM44230 SAWDOSG2E,Call Center Internal,5/9/2016,5/10/2016,5,9804.30
Bowflex Max Trainer,Online Search,CAM44539 SAWDOSG2EMOBILE2,Call Center Internal,5/9/2016,5/10/2016,1,1599.00
Bowflex Max Trainer,Online Search,CAM47151 DOSG2EML2,Call Center Internal,5/9/2016,5/10/2016,1,1599.00
Bowflex Home Gyms,Online Search,CAM31080 dosg2ggl1bf,Web,5/9/2016,5/10/2016,2,4198.00
Bowflex Catalog,Online Search,CAM32376 dosg2csl1,Web,5/9/2016,5/10/2016,1,2560.97
Bowflex Selecttech Dumbbells,Online Search,CAM32678 dosg2dgl1st,Web,5/9/2016,5/10/2016,3,2083.00
Bowflex Selecttech Dumbbells,Online Search,CAM37148 dosg2dsl12,Web,5/9/2016,5/10/2016,1,549.00
Bowflex Selecttech Dumbbells,Online Search,CAM37432 dosg2dsl18,Web,5/9/2016,5/10/2016,1,549.00
Treadclimber,Online Search,CAM37440 dosg2tsl21,Web,5/9/2016,5/10/2016,4,8814.18
Treadclimber,Online Search,CAM37493 dosbitsl6,Web,5/9/2016,5/10/2016,1,2278.10
Treadclimber,Online Search,CAM37655 dosbitsl10,Web,5/9/2016,5/10/2016,2,6436.20
Bowflex Home Gyms,Online Search,CAM39440 dosbiggl1bf,Web,5/9/2016,5/10/2016,0,23.98
Treadclimber,Online Search,CAM43666 dosg2tmobile4,Web,5/9/2016,5/10/2016,1,2029.10
Bowflex Max Trainer,Online Search,CAM44429 dosbiesl1,Web,5/9/2016,5/10/2016,6,9244.00
Bowflex Max Trainer,Online Search,CAM44435 dosg2egl1mx,Web,5/9/2016,5/10/2016,11,19897.99
Bowflex Max Trainer,Online Search,CAM44497 dosg2esl1,Web,5/9/2016,5/10/2016,14,22744.00
Bowflex Max Trainer,Online Search,CAM44520 dosbiegl1mx,Web,5/9/2016,5/10/2016,4,6604.99
Bowflex Max Trainer,Online Search,CAM44543 dosbiesl3,Web,5/9/2016,5/10/2016,1,1758.00
Bowflex Max Trainer,Online Search,CAM44551 dosg2esl4,Web,5/9/2016,5/10/2016,2,2648.00
Bowflex Max Trainer,Online Search,CAM45009 dosg2eml1,Web,5/9/2016,5/10/2016,6,11003.00
Bowflex Max Trainer,Online Search,CAM45729 DOSG2ESL6,Web,5/9/2016,5/10/2016,1,1049.00
Bowflex Max Trainer,Online Search,CAM45730 DOSG2ESL7,Web,5/9/2016,5/10/2016,2,3447.00
Bowflex Max Trainer,Online Search,CAM45732 DOSBIESL7,Web,5/9/2016,5/10/2016,1,1599.00
Bowflex Max Trainer,Online Search,CAM47150 DOSG2ESL9,Web,5/9/2016,5/10/2016,2,2806.99
Bowflex Max Trainer,Online Search,CAM47151 DOSG2EML2,Web,5/9/2016,5/10/2016,3,5072.01
Bowflex Max Trainer,Online Search,CAM47153 DOSBIEML2,Web,5/9/2016,5/10/2016,1,1099.00
Bowflex Max Trainer,Online Search,CAM48984 DOSG2ESL11,Web,5/9/2016,5/10/2016,1,2199.00
Bowflex Catalog,Online Shopping,CAM33953 SAWDOFG2C,Call Center Internal,5/9/2016,5/10/2016,1,1758.00
Bowflex Max Trainer,Online Shopping,CAM44948 dofbiefeed1,Call Center Internal,5/9/2016,5/10/2016,1,1599.00
Bowflex Max Trainer,Online Shopping,CAM45043 SAWDOFG2E,Call Center Internal,5/9/2016,5/10/2016,2,1771.99
Bowflex Home Gyms,Online Shopping,CAM32062 dofg2gfeed1,Web,5/9/2016,5/10/2016,2,2798.00
Treadclimber,Online Shopping,CAM32123 dofg2tfeed1,Web,5/9/2016,5/10/2016,2,5247.20
Bowflex Catalog,Online Shopping,CAM33966 dofg2cfeed1,Web,5/9/2016,5/10/2016,0,80.97
Treadclimber,Online Shopping,CAM44450 dofbitfeed2,Web,5/9/2016,5/10/2016,2,4307.20
Bowflex Max Trainer,Online Shopping,CAM44887 dofg2efeed1,Web,5/9/2016,5/10/2016,8,11440.00
Bowflex Max Trainer,Online Shopping,CAM44948 dofbiefeed1,Web,5/9/2016,5/10/2016,2,2747.00
Bowflex Max Trainer,Online Shopping,CAM48975 DOFG2EFEED2,Web,5/9/2016,5/10/2016,6,9511.00
Bowflex Home Gyms,Online Shopping,CAM48977 DOFG2GFEED2,Web,5/9/2016,5/10/2016,0,23.98
Bowflex Catalog,Online Shopping,CAM48980 DOFG2CFEED3,Web,5/9/2016,5/10/2016,0,44.99
Bowflex Max Trainer,Online Social,CAM48200 SAWDOXFBESCODE,Call Center Internal,5/9/2016,5/10/2016,1,1499.00
Bowflex Home Gyms,Online Social,CAM48212 SAWDOXFBGSCODE,Call Center Internal,5/9/2016,5/10/2016,1,2119.29
Bowflex Max Trainer,Online Social,CAM48202 DOXFBESCODE002,Web,5/9/2016,5/10/2016,7,11769.99
Bowflex Max Trainer,Online Social,CAM48205 DOXFBESCODE005,Web,5/9/2016,5/10/2016,2,2807.00
Bowflex Selecttech Dumbbells,Online Social,CAM48209 DOXFBDSCODE003,Web,5/9/2016,5/10/2016,2,1037.00
Bowflex Home Gyms,Online Social,CAM48214 DOXFBGSCODE002,Web,5/9/2016,5/10/2016,1,2799.00
Bowflex Home Gyms,Online Social,CAM49385 DOXFBGSCODEDD216,Web,5/9/2016,5/10/2016,1,2498.20
Treadclimber,Print,CAM48717 P0116PEOPLENICBR,Call Center Internal,5/9/2016,5/10/2016,1,2984.09
Treadclimber,Short Form,CAM48260 UPTVN120KMV**TIC,Call Center Internal,5/9/2016,5/10/2016,1,2138.09
Treadclimber,Short Form,CAM48488 TVLDN60*HKINGTIC,Call Center Internal,5/9/2016,5/10/2016,1,2199.00
Treadclimber,Short Form,CAM48518 INSPN180HKINGTIC,Call Center Internal,5/9/2016,5/10/2016,2,4475.98
Bowflex Max Trainer,Short Form,CAM48750 IFC*N120J14FSTIC,Call Center Internal,5/9/2016,5/10/2016,1,1758.00
Bowflex Max Trainer,Short Form,CAM48793 HERON5MNHAMFSTIC,Call Center Internal,5/9/2016,5/10/2016,2,3566.00
Treadclimber,Short Form,CAM49228 INSPN120BOO16TIC,Call Center Internal,5/9/2016,5/10/2016,1,3083.09
Bowflex Max Trainer,Short Form,CAM49349 FOXNN120HAM7*TIC,Third Party Call Center - Evolve,5/9/2016,5/10/2016,1,999.00
Bowflex Home Gyms,Un-Sourced,CAM28157 SALESFOLLOWUP,Call Center Internal,5/9/2016,5/10/2016,10,18368.07
Bowflex Selecttech Dumbbells,Un-Sourced,CAM40819 1800SELECTTECH,Call Center Internal,5/9/2016,5/10/2016,3,1776.99
Bowflex Catalog,Un-Sourced,CAM40820 1800BFXCATALOG,Call Center Internal,5/9/2016,5/10/2016,0,.00
Bowflex Home Gyms,Un-Sourced,CAM40821 1800BOWFLEX,Call Center Internal,5/9/2016,5/10/2016,4,2310.83
Treadclimber,Un-Sourced,CAM40825 1800TREADCLIMBER,Call Center Internal,5/9/2016,5/10/2016,3,4515.53
Bowflex Revolution,Un-Sourced,CAM40829 1800REVOLUTION,Call Center Internal,5/9/2016,5/10/2016,0,.00
Bowflex Max Trainer,Un-Sourced,CAM45327 1800MAXTRAINER,Call Center Internal,5/9/2016,5/10/2016,9,13179.96
Treadclimber,Electronic - Short Form,CAM36104 SAWSF11E,Call Center Internal,5/9/2016,5/11/2016,0,78.47
Bowflex Max Trainer,Electronic - Short Form,CAM44215 SAWDSEESF14A,Call Center Internal,5/9/2016,5/11/2016,0,249.00
Treadclimber,Electronic - Short Form,CAM36298 dsetsf11g,Web,5/9/2016,5/11/2016,1,2278.10
Treadclimber,Electronic - Short Form,CAM36608 dsetsf12a,Web,5/9/2016,5/11/2016,1,2297.08
Bowflex Max Trainer,Electronic - Short Form,CAM44172 dseesf14a,Web,5/9/2016,5/11/2016,1,1499.00
Bowflex Max Trainer,Electronic - Short Form,CAM44191 dseesf14d,Web,5/9/2016,5/11/2016,1,1099.00
Bowflex Max Trainer,Electronic - Short Form,CAM45388 DSEESF14F,Web,5/9/2016,5/11/2016,1,2199.00
Bowflex Max Trainer,Electronic - Short Form,CAM49295 DSEESF16A,Web,5/9/2016,5/11/2016,1,1599.00
Bowflex Selecttech Dumbbells,Electronic - UnSourced,CAM11920 SAWWEBST,Call Center Internal,5/9/2016,5/11/2016,1,2251.61
Bowflex Catalog,Electronic - UnSourced,CAM127 1800BOWFLEX_BFC,Call Center Internal,5/9/2016,5/11/2016,1,1279.20
Bowflex Selecttech Dumbbells,Electronic - UnSourced,CAM129 1800BOWFLEX_BST,Call Center Internal,5/9/2016,5/11/2016,2,976.00
Bowflex Home Gyms,Electronic - UnSourced,CAM25756 DEGSAWBFG,Call Center Internal,5/9/2016,5/11/2016,0,296.40
Bowflex Home Gyms,Electronic - UnSourced,CAM28771 degg1siteg,Call Center Internal,5/9/2016,5/11/2016,1,1279.20
Bowflex Max Trainer,Electronic - UnSourced,CAM44236 SAWMAX,Call Center Internal,5/9/2016,5/11/2016,16,26287.58
Bowflex Max Trainer,Electronic - UnSourced,CAM44626 1800BOWFLEX_BMT,Call Center Internal,5/9/2016,5/11/2016,4,5296.00
Treadclimber,Electronic - UnSourced,CAM6025 SAWWEBTC,Call Center Internal,5/9/2016,5/11/2016,1,1013.99
Treadclimber,Electronic - UnSourced,CAM16414 DEGBFTRC,Web,5/9/2016,5/11/2016,2,5017.18
Bowflex Home Gyms,Electronic - UnSourced,CAM16616 DEGBFBHG,Web,5/9/2016,5/11/2016,1,549.00
Bowflex Selecttech Dumbbells,Electronic - UnSourced,CAM23877 degd1sitest,Web,5/9/2016,5/11/2016,3,1784.00
Treadclimber,Electronic - UnSourced,CAM23879 degt1sitetc,Web,5/9/2016,5/11/2016,3,8564.30
Bowflex Home Gyms,Electronic - UnSourced,CAM28771 degg1siteg,Web,5/9/2016,5/11/2016,1,1786.97
Bowflex Home Gyms,Electronic - UnSourced,CAM32136 deggbhg,Web,5/9/2016,5/11/2016,0,53.92
Bowflex Selecttech Dumbbells,Electronic - UnSourced,CAM34888 degdbst,Web,5/9/2016,5/11/2016,2,1424.98
Bowflex Max Trainer,Electronic - UnSourced,CAM41189 degemax,Web,5/9/2016,5/11/2016,35,60012.96
Bowflex Max Trainer,Electronic - UnSourced,CAM44433 dege1sitemx,Web,5/9/2016,5/11/2016,22,37017.01
Treadclimber,Online,CAM6110 SAWGOOGTC,Call Center Internal,5/9/2016,5/11/2016,1,2048.08
Treadclimber,Online Display,CAM45120 SAWDODDSTT,Call Center Internal,5/9/2016,5/11/2016,0,.00
Treadclimber,Online Display,CAM47235 SAWDODCTOT,Call Center Internal,5/9/2016,5/11/2016,1,2278.10
Bowflex Max Trainer,Online Display,CAM47239 SAWDODCTOE,Call Center Internal,5/9/2016,5/11/2016,1,1499.00
Bowflex Max Trainer,Online Display,CAM47851 SAWDODYBTE,Call Center Internal,5/9/2016,5/11/2016,1,2297.08
Bowflex Max Trainer,Online Display,CAM49245 SAWDODSTLE,Call Center Internal,5/9/2016,5/11/2016,1,1499.00
Bowflex Max Trainer,Online Display,CAM47251 DODCTOEDL2,Web,5/9/2016,5/11/2016,7,11411.00
Treadclimber,Online Display,CAM47254 DODCTOTDL1,Web,5/9/2016,5/11/2016,1,2278.10
Bowflex Max Trainer,Online Display,CAM49246 DODSTLEDL1,Web,5/9/2016,5/11/2016,3,4196.00
Bowflex Catalog,Online Search,CAM32307 SAWDOSG2C,Call Center Internal,5/9/2016,5/11/2016,0,60.57
Bowflex Selecttech Dumbbells,Online Search,CAM32596 SAWDOSBID,Call Center Internal,5/9/2016,5/11/2016,0,203.82
Treadclimber,Online Search,CAM44065 SAWDOSG2TMOBILE2,Call Center Internal,5/9/2016,5/11/2016,1,182.19
Bowflex Selecttech Dumbbells,Online Search,CAM44210 SAWICAOSGCD,Call Center Internal,5/9/2016,5/11/2016,1,2969.10
Bowflex Max Trainer,Online Search,CAM44223 SAWDOSBIE,Call Center Internal,5/9/2016,5/11/2016,4,7169.99
Bowflex Max Trainer,Online Search,CAM44230 SAWDOSG2E,Call Center Internal,5/9/2016,5/11/2016,13,19158.30
Bowflex Max Trainer,Online Search,CAM44539 SAWDOSG2EMOBILE2,Call Center Internal,5/9/2016,5/11/2016,0,99.00
Bowflex Max Trainer,Online Search,CAM47152 DOSBIESL8,Call Center Internal,5/9/2016,5/11/2016,1,2323.00
Bowflex Max Trainer,Online Search,CAM44230 SAWDOSG2E,Third Party Call Center - Evolve,5/9/2016,5/11/2016,1,1608.00
Bowflex Home Gyms,Online Search,CAM30755 dosg2gsl1,Web,5/9/2016,5/11/2016,2,4497.00
Bowflex Home Gyms,Online Search,CAM31080 dosg2ggl1bf,Web,5/9/2016,5/11/2016,2,4738.94
Treadclimber,Online Search,CAM31082 dosg2tgl1tc,Web,5/9/2016,5/11/2016,2,5247.20
Bowflex Catalog,Online Search,CAM32376 dosg2csl1,Web,5/9/2016,5/11/2016,1,539.00
Bowflex Catalog,Online Search,CAM32380 dosmsncsl1,Web,5/9/2016,5/11/2016,0,9.99
Bowflex Selecttech Dumbbells,Online Search,CAM32678 dosg2dgl1st,Web,5/9/2016,5/11/2016,4,1749.08
Bowflex Selecttech Dumbbells,Online Search,CAM37428 dosg2dsl14,Web,5/9/2016,5/11/2016,1,549.00
Treadclimber,Online Search,CAM37440 dosg2tsl21,Web,5/9/2016,5/11/2016,5,13300.26
Treadclimber,Online Search,CAM37443 dosg2tsl24,Web,5/9/2016,5/11/2016,1,3218.10
Treadclimber,Online Search,CAM37493 dosbitsl6,Web,5/9/2016,5/11/2016,0,127.97
Treadclimber,Online Search,CAM37655 dosbitsl10,Web,5/9/2016,5/11/2016,3,7754.20
Bowflex Home Gyms,Online Search,CAM39211 dosbigsl12,Web,5/9/2016,5/11/2016,1,1399.00
Bowflex Home Gyms,Online Search,CAM39440 dosbiggl1bf,Web,5/9/2016,5/11/2016,1,1637.99
Treadclimber,Online Search,CAM39442 dosbitgl1tc,Web,5/9/2016,5/11/2016,2,5266.18
Treadclimber,Online Search,CAM43666 dosg2tmobile4,Web,5/9/2016,5/11/2016,1,2029.10
Bowflex Max Trainer,Online Search,CAM44429 dosbiesl1,Web,5/9/2016,5/11/2016,7,12902.00
Bowflex Max Trainer,Online Search,CAM44435 dosg2egl1mx,Web,5/9/2016,5/11/2016,15,24711.98
Bowflex Max Trainer,Online Search,CAM44497 dosg2esl1,Web,5/9/2016,5/11/2016,14,22644.00
Bowflex Max Trainer,Online Search,CAM44520 dosbiegl1mx,Web,5/9/2016,5/11/2016,5,9821.00
Bowflex Max Trainer,Online Search,CAM44551 dosg2esl4,Web,5/9/2016,5/11/2016,1,1499.00
Bowflex Max Trainer,Online Search,CAM44952 dosbieml1,Web,5/9/2016,5/11/2016,1,1599.00
Bowflex Max Trainer,Online Search,CAM45009 dosg2eml1,Web,5/9/2016,5/11/2016,6,10185.96
Bowflex Max Trainer,Online Search,CAM45729 DOSG2ESL6,Web,5/9/2016,5/11/2016,1,1049.00
Bowflex Max Trainer,Online Search,CAM45730 DOSG2ESL7,Web,5/9/2016,5/11/2016,4,5904.00
Bowflex Max Trainer,Online Search,CAM47150 DOSG2ESL9,Web,5/9/2016,5/11/2016,4,6055.00
Bowflex Max Trainer,Online Search,CAM47151 DOSG2EML2,Web,5/9/2016,5/11/2016,5,6595.00
Bowflex Max Trainer,Online Search,CAM47152 DOSBIESL8,Web,5/9/2016,5/11/2016,1,2199.00
Bowflex Max Trainer,Online Search,CAM48984 DOSG2ESL11,Web,5/9/2016,5/11/2016,1,2199.00
Bowflex Home Gyms,Online Shopping,CAM32080 SAWDOFG2G,Call Center Internal,5/9/2016,5/11/2016,2,1474.96
Bowflex Max Trainer,Online Shopping,CAM45043 SAWDOFG2E,Call Center Internal,5/9/2016,5/11/2016,5,7994.00
Treadclimber,Online Shopping,CAM32123 dofg2tfeed1,Web,5/9/2016,5/11/2016,1,2799.00
Bowflex Catalog,Online Shopping,CAM33966 dofg2cfeed1,Web,5/9/2016,5/11/2016,3,2390.69
Bowflex Max Trainer,Online Shopping,CAM44887 dofg2efeed1,Web,5/9/2016,5/11/2016,9,13217.00
Bowflex Max Trainer,Online Shopping,CAM44948 dofbiefeed1,Web,5/9/2016,5/11/2016,1,1049.00
Bowflex Max Trainer,Online Shopping,CAM48975 DOFG2EFEED2,Web,5/9/2016,5/11/2016,5,6145.00
Treadclimber,Online Social,CAM48186 DOXFBTSCODE003,Call Center Internal,5/9/2016,5/11/2016,1,2406.07
Bowflex Max Trainer,Online Social,CAM48200 SAWDOXFBESCODE,Call Center Internal,5/9/2016,5/11/2016,5,8218.99
Bowflex Home Gyms,Online Social,CAM48212 SAWDOXFBGSCODE,Call Center Internal,5/9/2016,5/11/2016,2,1628.20
Bowflex Max Trainer,Online Social,CAM49382 DOXFBESCODEDD316,Call Center Internal,5/9/2016,5/11/2016,1,2199.00
Bowflex Max Trainer,Online Social,CAM48202 DOXFBESCODE002,Web,5/9/2016,5/11/2016,2,3197.00
Bowflex Max Trainer,Online Social,CAM48203 DOXFBESCODE003,Web,5/9/2016,5/11/2016,1,1758.00
Bowflex Max Trainer,Online Social,CAM48205 DOXFBESCODE005,Web,5/9/2016,5/11/2016,1,2199.00
Bowflex Selecttech Dumbbells,Online Social,CAM48208 DOXFBDSCODE002,Web,5/9/2016,5/11/2016,1,349.00
Bowflex Max Trainer,Online Social,CAM49382 DOXFBESCODEDD316,Web,5/9/2016,5/11/2016,14,20611.01
Treadclimber,Print,CAM45872 P1114AARPCOLL,Call Center Internal,5/9/2016,5/11/2016,1,1648.99
Bowflex Max Trainer,Print,CAM49203 P0516WEWATFPAW,Call Center Internal,5/9/2016,5/11/2016,1,1599.00
Treadclimber,Short Form,CAM48517 LMN*N60*HKINGTIC,Call Center Internal,5/9/2016,5/11/2016,1,2061.99
Bowflex Max Trainer,Short Form,CAM48748 SPKEN120J14FSTIC,Call Center Internal,5/9/2016,5/11/2016,1,1499.00
Bowflex Max Trainer,Short Form,CAM48772 VEL*N180JACFSTIC,Call Center Internal,5/9/2016,5/11/2016,2,3406.99
Bowflex Max Trainer,Short Form,CAM48793 HERON5MNHAMFSTIC,Call Center Internal,5/9/2016,5/11/2016,2,3198.00
Treadclimber,Short Form,CAM49231 GAMEN120BOO16TIC,Call Center Internal,5/9/2016,5/11/2016,2,3131.29
Bowflex Max Trainer,Short Form,CAM49339 SPKEN120HAM7*TIC,Call Center Internal,5/9/2016,5/11/2016,1,1099.00
Bowflex Max Trainer,Short Form,CAM49346 GRITN120HAM7*TIC,Call Center Internal,5/9/2016,5/11/2016,1,2199.00
Bowflex Home Gyms,Un-Sourced,CAM28157 SALESFOLLOWUP,Call Center Internal,5/9/2016,5/11/2016,8,11842.30
Bowflex Selecttech Dumbbells,Un-Sourced,CAM40819 1800SELECTTECH,Call Center Internal,5/9/2016,5/11/2016,0,.00
Bowflex Home Gyms,Un-Sourced,CAM40821 1800BOWFLEX,Call Center Internal,5/9/2016,5/11/2016,1,1987.10
Treadclimber,Un-Sourced,CAM40825 1800TREADCLIMBER,Call Center Internal,5/9/2016,5/11/2016,6,14077.76
Bowflex Max Trainer,Un-Sourced,CAM45327 1800MAXTRAINER,Call Center Internal,5/9/2016,5/11/2016,11,19892.14
Bowflex Home Gyms,Electronic - Short Form,CAM27401 DEFAULTADID,Call Center Internal,5/9/2016,5/12/2016,0,.00
Bowflex Max Trainer,Electronic - Short Form,CAM44215 SAWDSEESF14A,Call Center Internal,5/9/2016,5/12/2016,1,1758.00
Bowflex Max Trainer,Electronic - Short Form,CAM44172 dseesf14a,Web,5/9/2016,5/12/2016,1,2508.00
Bowflex Max Trainer,Electronic - Short Form,CAM45798 DSEESF14H,Web,5/9/2016,5/12/2016,3,7164.99
Treadclimber,Electronic - Short Form,CAM49292 DSETSF16A,Web,5/9/2016,5/12/2016,1,2969.10
Bowflex Home Gyms,Electronic - UnSourced,CAM25756 DEGSAWBFG,Call Center Internal,5/9/2016,5/12/2016,1,1586.86
Bowflex Max Trainer,Electronic - UnSourced,CAM44236 SAWMAX,Call Center Internal,5/9/2016,5/12/2016,9,14166.06
Bowflex Max Trainer,Electronic - UnSourced,CAM44626 1800BOWFLEX_BMT,Call Center Internal,5/9/2016,5/12/2016,2,3357.00
Treadclimber,Electronic - UnSourced,CAM6025 SAWWEBTC,Call Center Internal,5/9/2016,5/12/2016,8,15059.16
Bowflex Max Trainer,Electronic - UnSourced,CAM44236 SAWMAX,Third Party Call Center - Evolve,5/9/2016,5/12/2016,1,1608.00
Treadclimber,Electronic - UnSourced,CAM16414 DEGBFTRC,Web,5/9/2016,5/12/2016,6,14017.77
Bowflex Home Gyms,Electronic - UnSourced,CAM16616 DEGBFBHG,Web,5/9/2016,5/12/2016,0,17.98
Bowflex Selecttech Dumbbells,Electronic - UnSourced,CAM23877 degd1sitest,Web,5/9/2016,5/12/2016,0,158.99
Treadclimber,Electronic - UnSourced,CAM23879 degt1sitetc,Web,5/9/2016,5/12/2016,3,6125.10
Bowflex Home Gyms,Electronic - UnSourced,CAM28771 degg1siteg,Web,5/9/2016,5/12/2016,2,3671.94
Bowflex Home Gyms,Electronic - UnSourced,CAM32136 deggbhg,Web,5/9/2016,5/12/2016,1,3313.98
Bowflex Selecttech Dumbbells,Electronic - UnSourced,CAM34888 degdbst,Web,5/9/2016,5/12/2016,3,1785.00
Bowflex Max Trainer,Electronic - UnSourced,CAM41189 degemax,Web,5/9/2016,5/12/2016,15,25225.99
Bowflex Max Trainer,Electronic - UnSourced,CAM44433 dege1sitemx,Web,5/9/2016,5/12/2016,10,19614.99
Treadclimber,Online,CAM12351 SAWFROOGTC,Call Center Internal,5/9/2016,5/12/2016,1,2138.09
Treadclimber,Online,CAM6110 SAWGOOGTC,Call Center Internal,5/9/2016,5/12/2016,1,2157.07
Bowflex Max Trainer,Online Display,CAM44220 SAWDODRFE,Call Center Internal,5/9/2016,5/12/2016,0,18.98
Bowflex Max Trainer,Online Display,CAM47239 SAWDODCTOE,Call Center Internal,5/9/2016,5/12/2016,2,2548.00
Treadclimber,Online Display,CAM39391 dodrftdl4,Web,5/9/2016,5/12/2016,1,1699.00
Bowflex Max Trainer,Online Display,CAM45910 DODADCEDL3,Web,5/9/2016,5/12/2016,1,1698.00
Bowflex Max Trainer,Online Display,CAM47251 DODCTOEDL2,Web,5/9/2016,5/12/2016,5,9395.00
Treadclimber,Online Display,CAM47254 DODCTOTDL1,Web,5/9/2016,5/12/2016,2,3837.09
Bowflex Max Trainer,Online Display,CAM49246 DODSTLEDL1,Web,5/9/2016,5/12/2016,2,3798.00
Bowflex Home Gyms,Online Search,CAM30796 SAWDOSG2G,Call Center Internal,5/9/2016,5/12/2016,0,.00
Treadclimber,Online Search,CAM30896 SAWICAOSGCT,Call Center Internal,5/9/2016,5/12/2016,1,1499.00
Bowflex Catalog,Online Search,CAM32307 SAWDOSG2C,Call Center Internal,5/9/2016,5/12/2016,0,35.48
Treadclimber,Online Search,CAM32595 SAWDOSBIT,Call Center Internal,5/9/2016,5/12/2016,1,2061.99
Bowflex Selecttech Dumbbells,Online Search,CAM32596 SAWDOSBID,Call Center Internal,5/9/2016,5/12/2016,0,60.57
Treadclimber,Online Search,CAM44065 SAWDOSG2TMOBILE2,Call Center Internal,5/9/2016,5/12/2016,1,2984.09
Bowflex Max Trainer,Online Search,CAM44223 SAWDOSBIE,Call Center Internal,5/9/2016,5/12/2016,3,5297.00
Bowflex Max Trainer,Online Search,CAM44230 SAWDOSG2E,Call Center Internal,5/9/2016,5/12/2016,3,6309.00
Bowflex Max Trainer,Online Search,CAM44539 SAWDOSG2EMOBILE2,Call Center Internal,5/9/2016,5/12/2016,2,3298.00
Bowflex Home Gyms,Online Search,CAM30755 dosg2gsl1,Web,5/9/2016,5/12/2016,1,1399.00
Bowflex Home Gyms,Online Search,CAM31080 dosg2ggl1bf,Web,5/9/2016,5/12/2016,3,4291.96
Bowflex Catalog,Online Search,CAM32376 dosg2csl1,Web,5/9/2016,5/12/2016,1,1866.98
Bowflex Selecttech Dumbbells,Online Search,CAM37148 dosg2dsl12,Web,5/9/2016,5/12/2016,0,158.99
Treadclimber,Online Search,CAM37440 dosg2tsl21,Web,5/9/2016,5/12/2016,8,19928.78
Treadclimber,Online Search,CAM37493 dosbitsl6,Web,5/9/2016,5/12/2016,1,2029.10
Treadclimber,Online Search,CAM37655 dosbitsl10,Web,5/9/2016,5/12/2016,1,2148.00
Bowflex Selecttech Dumbbells,Online Search,CAM37741 dosbidsl9,Web,5/9/2016,5/12/2016,1,488.00
Bowflex Selecttech Dumbbells,Online Search,CAM39439 dosbidgl1st,Web,5/9/2016,5/12/2016,2,1236.00
Bowflex Home Gyms,Online Search,CAM39440 dosbiggl1bf,Web,5/9/2016,5/12/2016,1,2848.98
Treadclimber,Online Search,CAM39442 dosbitgl1tc,Web,5/9/2016,5/12/2016,2,3556.10
Treadclimber,Online Search,CAM43666 dosg2tmobile4,Web,5/9/2016,5/12/2016,2,4086.09
Bowflex Max Trainer,Online Search,CAM44429 dosbiesl1,Web,5/9/2016,5/12/2016,5,7795.00
Bowflex Max Trainer,Online Search,CAM44435 dosg2egl1mx,Web,5/9/2016,5/12/2016,12,19514.00
Bowflex Max Trainer,Online Search,CAM44497 dosg2esl1,Web,5/9/2016,5/12/2016,8,13268.00
Bowflex Max Trainer,Online Search,CAM44520 dosbiegl1mx,Web,5/9/2016,5/12/2016,2,3798.00
Bowflex Max Trainer,Online Search,CAM44560 dosg2esl5,Web,5/9/2016,5/12/2016,1,2199.00
Bowflex Max Trainer,Online Search,CAM44564 dosbiesl4,Web,5/9/2016,5/12/2016,1,1208.00
Bowflex Max Trainer,Online Search,CAM45009 dosg2eml1,Web,5/9/2016,5/12/2016,9,15790.00
Bowflex Max Trainer,Online Search,CAM45729 DOSG2ESL6,Web,5/9/2016,5/12/2016,1,1599.00
Bowflex Max Trainer,Online Search,CAM45730 DOSG2ESL7,Web,5/9/2016,5/12/2016,2,3248.00
Bowflex Max Trainer,Online Search,CAM45731 DOSBIESL6,Web,5/9/2016,5/12/2016,1,1208.00
Bowflex Max Trainer,Online Search,CAM47150 DOSG2ESL9,Web,5/9/2016,5/12/2016,1,1599.00
Treadclimber,Online Search,CAM48472 DOSG2TSL38,Web,5/9/2016,5/12/2016,1,1699.00
Bowflex Max Trainer,Online Search,CAM48984 DOSG2ESL11,Web,5/9/2016,5/12/2016,3,6915.00
Bowflex Home Gyms,Online Shopping,CAM32080 SAWDOFG2G,Call Center Internal,5/9/2016,5/12/2016,0,196.07
Bowflex Catalog,Online Shopping,CAM33953 SAWDOFG2C,Call Center Internal,5/9/2016,5/12/2016,0,123.51
Bowflex Max Trainer,Online Shopping,CAM45043 SAWDOFG2E,Call Center Internal,5/9/2016,5/12/2016,3,5006.00
Bowflex Catalog,Online Shopping,CAM33966 dofg2cfeed1,Web,5/9/2016,5/12/2016,1,704.48
Bowflex Catalog,Online Shopping,CAM33972 dofszcfeed1,Web,5/9/2016,5/12/2016,0,199.00
Bowflex Max Trainer,Online Shopping,CAM44887 dofg2efeed1,Web,5/9/2016,5/12/2016,2,2148.00
Bowflex Max Trainer,Online Shopping,CAM44948 dofbiefeed1,Web,5/9/2016,5/12/2016,1,1599.00
Bowflex Home Gyms,Online Shopping,CAM48327 DOFBIGFEED3,Web,5/9/2016,5/12/2016,1,1399.00
Bowflex Max Trainer,Online Shopping,CAM48975 DOFG2EFEED2,Web,5/9/2016,5/12/2016,1,1749.00
Bowflex Catalog,Online Shopping,CAM48980 DOFG2CFEED3,Web,5/9/2016,5/12/2016,1,389.96
Bowflex Max Trainer,Online Social,CAM49382 DOXFBESCODEDD316,Call Center Internal,5/9/2016,5/12/2016,1,1758.00
Bowflex Max Trainer,Online Social,CAM48202 DOXFBESCODE002,Web,5/9/2016,5/12/2016,1,1049.00
Bowflex Max Trainer,Online Social,CAM48203 DOXFBESCODE003,Web,5/9/2016,5/12/2016,1,1049.00
Bowflex Max Trainer,Online Social,CAM48205 DOXFBESCODE005,Web,5/9/2016,5/12/2016,1,2472.99
Bowflex Selecttech Dumbbells,Online Social,CAM48208 DOXFBDSCODE002,Web,5/9/2016,5/12/2016,1,549.00
Treadclimber,Online Social,CAM49386 DOXFBTSCODEDD416,Web,5/9/2016,5/12/2016,10,17103.99
Bowflex Catalog,Print,CAM45019 PCBGIS0045,Call Center Internal,5/9/2016,5/12/2016,1,1599.00
Treadclimber,Short Form,CAM46731 GAMEN120WLKNYTIC,Call Center Internal,5/9/2016,5/12/2016,1,1049.00
Treadclimber,Short Form,CAM48499 SPKEN120HKINGTIC,Call Center Internal,5/9/2016,5/12/2016,1,2406.07
Treadclimber,Short Form,CAM48503 BRNGN120HKINGTIC,Call Center Internal,5/9/2016,5/12/2016,1,1499.00
Treadclimber,Short Form,CAM48518 INSPN180HKINGTIC,Call Center Internal,5/9/2016,5/12/2016,1,1713.99
Bowflex Max Trainer,Short Form,CAM48745 SUNDN120J14FSTIC,Call Center Internal,5/9/2016,5/12/2016,1,1725.98
Bowflex Max Trainer,Short Form,CAM48751 ION*N120J14FSTIC,Call Center Internal,5/9/2016,5/12/2016,1,2048.08
Bowflex Max Trainer,Short Form,CAM48753 RELZN120J14FSTIC,Call Center Internal,5/9/2016,5/12/2016,1,1758.00
Treadclimber,Short Form,CAM49231 GAMEN120BOO16TIC,Call Center Internal,5/9/2016,5/12/2016,1,1658.00
Treadclimber,Short Form,CAM49233 TESCN120WMN16TIC,Call Center Internal,5/9/2016,5/12/2016,2,3006.00
Treadclimber,Short Form,CAM49237 MOVSN120BOO16TIC,Call Center Internal,5/9/2016,5/12/2016,1,2029.10
Bowflex Home Gyms,Un-Sourced,CAM28157 SALESFOLLOWUP,Call Center Internal,5/9/2016,5/12/2016,3,5814.00
Bowflex Selecttech Dumbbells,Un-Sourced,CAM40819 1800SELECTTECH,Call Center Internal,5/9/2016,5/12/2016,0,.00
Bowflex Home Gyms,Un-Sourced,CAM40821 1800BOWFLEX,Call Center Internal,5/9/2016,5/12/2016,0,238.96
Treadclimber,Un-Sourced,CAM40825 1800TREADCLIMBER,Call Center Internal,5/9/2016,5/12/2016,6,12253.08
Bowflex Max Trainer,Un-Sourced,CAM45327 1800MAXTRAINER,Call Center Internal,5/9/2016,5/12/2016,13,19528.54
Treadclimber,Electronic - Short Form,CAM36298 dsetsf11g,Call Center Internal,5/9/2016,5/13/2016,1,1549.79
Bowflex Max Trainer,Electronic - Short Form,CAM44172 dseesf14a,Web,5/9/2016,5/13/2016,2,4548.00
Bowflex Max Trainer,Electronic - Short Form,CAM44191 dseesf14d,Web,5/9/2016,5/13/2016,1,1598.00
Bowflex Max Trainer,Electronic - Short Form,CAM45387 DSEESF14E,Web,5/9/2016,5/13/2016,2,3798.00
Bowflex Max Trainer,Electronic - Short Form,CAM45798 DSEESF14H,Web,5/9/2016,5/13/2016,1,1499.00
Bowflex Selecttech Dumbbells,Electronic - UnSourced,CAM11920 SAWWEBST,Call Center Internal,5/9/2016,5/13/2016,1,583.28
Bowflex Catalog,Electronic - UnSourced,CAM127 1800BOWFLEX_BFC,Call Center Internal,5/9/2016,5/13/2016,5,8819.69
Bowflex Selecttech Dumbbells,Electronic - UnSourced,CAM129 1800BOWFLEX_BST,Call Center Internal,5/9/2016,5/13/2016,1,449.00
Bowflex Home Gyms,Electronic - UnSourced,CAM25756 DEGSAWBFG,Call Center Internal,5/9/2016,5/13/2016,2,1481.47
Bowflex Home Gyms,Electronic - UnSourced,CAM28771 degg1siteg,Call Center Internal,5/9/2016,5/13/2016,1,1751.98
Bowflex Max Trainer,Electronic - UnSourced,CAM44236 SAWMAX,Call Center Internal,5/9/2016,5/13/2016,3,5586.60
Bowflex Max Trainer,Electronic - UnSourced,CAM44626 1800BOWFLEX_BMT,Call Center Internal,5/9/2016,5/13/2016,2,4507.00
Treadclimber,Electronic - UnSourced,CAM6025 SAWWEBTC,Call Center Internal,5/9/2016,5/13/2016,5,12240.16
Treadclimber,Electronic - UnSourced,CAM16414 DEGBFTRC,Web,5/9/2016,5/13/2016,1,2278.10
Bowflex Home Gyms,Electronic - UnSourced,CAM16616 DEGBFBHG,Web,5/9/2016,5/13/2016,0,16.98
Bowflex Selecttech Dumbbells,Electronic - UnSourced,CAM23877 degd1sitest,Web,5/9/2016,5/13/2016,4,2733.97
Treadclimber,Electronic - UnSourced,CAM23879 degt1sitetc,Web,5/9/2016,5/13/2016,2,4043.09
Bowflex Home Gyms,Electronic - UnSourced,CAM28771 degg1siteg,Web,5/9/2016,5/13/2016,4,6085.00
Bowflex Home Gyms,Electronic - UnSourced,CAM32136 deggbhg,Web,5/9/2016,5/13/2016,0,126.99
Bowflex Selecttech Dumbbells,Electronic - UnSourced,CAM34888 degdbst,Web,5/9/2016,5/13/2016,1,488.00
Bowflex Max Trainer,Electronic - UnSourced,CAM41189 degemax,Web,5/9/2016,5/13/2016,16,28710.98
Bowflex Max Trainer,Electronic - UnSourced,CAM44433 dege1sitemx,Web,5/9/2016,5/13/2016,9,14699.00
Treadclimber,Online,CAM6110 SAWGOOGTC,Call Center Internal,5/9/2016,5/13/2016,2,5196.08
Bowflex Max Trainer,Online Display,CAM45910 DODADCEDL3,Web,5/9/2016,5/13/2016,1,1599.00
Bowflex Max Trainer,Online Display,CAM47251 DODCTOEDL2,Web,5/9/2016,5/13/2016,4,5845.00
Treadclimber,Online Display,CAM47254 DODCTOTDL1,Web,5/9/2016,5/13/2016,1,2029.10
Bowflex Max Trainer,Online Display,CAM49246 DODSTLEDL1,Web,5/9/2016,5/13/2016,1,1698.00
Bowflex Selecttech Dumbbells,Online Search,CAM30793 SAWDOSG2D,Call Center Internal,5/9/2016,5/13/2016,0,56.34
Bowflex Home Gyms,Online Search,CAM30796 SAWDOSG2G,Call Center Internal,5/9/2016,5/13/2016,5,8862.95
Treadclimber,Online Search,CAM44065 SAWDOSG2TMOBILE2,Call Center Internal,5/9/2016,5/13/2016,1,2810.31
Bowflex Max Trainer,Online Search,CAM44230 SAWDOSG2E,Call Center Internal,5/9/2016,5/13/2016,7,10409.90
Bowflex Max Trainer,Online Search,CAM44429 dosbiesl1,Call Center Internal,5/9/2016,5/13/2016,1,1599.00
Bowflex Max Trainer,Online Search,CAM44497 dosg2esl1,Call Center Internal,5/9/2016,5/13/2016,1,2402.99
Bowflex Max Trainer,Online Search,CAM44539 SAWDOSG2EMOBILE2,Call Center Internal,5/9/2016,5/13/2016,1,1066.98
Bowflex Max Trainer,Online Search,CAM47151 DOSG2EML2,Call Center Internal,5/9/2016,5/13/2016,1,1658.00
Bowflex Max Trainer,Online Search,CAM44230 SAWDOSG2E,Third Party Call Center - Evolve,5/9/2016,5/13/2016,1,1449.00
Bowflex Home Gyms,Online Search,CAM30755 dosg2gsl1,Web,5/9/2016,5/13/2016,1,1399.00
Bowflex Home Gyms,Online Search,CAM31080 dosg2ggl1bf,Web,5/9/2016,5/13/2016,2,5636.98
Bowflex Catalog,Online Search,CAM32376 dosg2csl1,Web,5/9/2016,5/13/2016,0,264.00
Bowflex Selecttech Dumbbells,Online Search,CAM32678 dosg2dgl1st,Web,5/9/2016,5/13/2016,3,1786.00
Treadclimber,Online Search,CAM37440 dosg2tsl21,Web,5/9/2016,5/13/2016,6,14647.05
Treadclimber,Online Search,CAM37493 dosbitsl6,Web,5/9/2016,5/13/2016,2,4998.20
Treadclimber,Online Search,CAM37655 dosbitsl10,Web,5/9/2016,5/13/2016,1,2048.00
Bowflex Selecttech Dumbbells,Online Search,CAM37741 dosbidsl9,Web,5/9/2016,5/13/2016,1,549.00
Bowflex Selecttech Dumbbells,Online Search,CAM39439 dosbidgl1st,Web,5/9/2016,5/13/2016,1,786.00
Bowflex Home Gyms,Online Search,CAM39440 dosbiggl1bf,Web,5/9/2016,5/13/2016,0,300.92
Treadclimber,Online Search,CAM39442 dosbitgl1tc,Web,5/9/2016,5/13/2016,1,2214.01
Treadclimber,Online Search,CAM43666 dosg2tmobile4,Web,5/9/2016,5/13/2016,1,2029.10
Bowflex Max Trainer,Online Search,CAM44429 dosbiesl1,Web,5/9/2016,5/13/2016,6,9703.00
Bowflex Max Trainer,Online Search,CAM44435 dosg2egl1mx,Web,5/9/2016,5/13/2016,8,13227.00
Bowflex Max Trainer,Online Search,CAM44497 dosg2esl1,Web,5/9/2016,5/13/2016,6,9043.00
Bowflex Max Trainer,Online Search,CAM44520 dosbiegl1mx,Web,5/9/2016,5/13/2016,2,3798.00
Bowflex Max Trainer,Online Search,CAM44551 dosg2esl4,Web,5/9/2016,5/13/2016,2,3198.00
Bowflex Max Trainer,Online Search,CAM45009 dosg2eml1,Web,5/9/2016,5/13/2016,2,4056.00
Bowflex Max Trainer,Online Search,CAM45729 DOSG2ESL6,Web,5/9/2016,5/13/2016,1,1599.00
Bowflex Max Trainer,Online Search,CAM45730 DOSG2ESL7,Web,5/9/2016,5/13/2016,7,11768.00
Bowflex Max Trainer,Online Search,CAM47151 DOSG2EML2,Web,5/9/2016,5/13/2016,1,1908.00
Bowflex Catalog,Online Shopping,CAM33953 SAWDOFG2C,Call Center Internal,5/9/2016,5/13/2016,0,185.88
Bowflex Max Trainer,Online Shopping,CAM45043 SAWDOFG2E,Call Center Internal,5/9/2016,5/13/2016,4,6495.00
Bowflex Max Trainer,Online Shopping,CAM48975 DOFG2EFEED2,Call Center Internal,5/9/2016,5/13/2016,1,1599.00
Bowflex Max Trainer,Online Shopping,CAM45043 SAWDOFG2E,Third Party Call Center - Evolve,5/9/2016,5/13/2016,1,1449.00
Treadclimber,Online Shopping,CAM32123 dofg2tfeed1,Web,5/9/2016,5/13/2016,2,4435.17
Bowflex Catalog,Online Shopping,CAM33966 dofg2cfeed1,Web,5/9/2016,5/13/2016,0,366.94
Bowflex Max Trainer,Online Shopping,CAM44887 dofg2efeed1,Web,5/9/2016,5/13/2016,8,12159.99
Bowflex Max Trainer,Online Shopping,CAM44948 dofbiefeed1,Web,5/9/2016,5/13/2016,1,1049.00
Bowflex Max Trainer,Online Shopping,CAM48975 DOFG2EFEED2,Web,5/9/2016,5/13/2016,6,7493.00
Bowflex Catalog,Online Shopping,CAM48980 DOFG2CFEED3,Web,5/9/2016,5/13/2016,0,83.96
Treadclimber,Online Social,CAM48183 SAWDOXFBTSCODE,Call Center Internal,5/9/2016,5/13/2016,1,2297.08
Bowflex Max Trainer,Online Social,CAM48200 SAWDOXFBESCODE,Call Center Internal,5/9/2016,5/13/2016,2,2648.00
Bowflex Max Trainer,Online Social,CAM48201 DOXFBESCODE001,Web,5/9/2016,5/13/2016,1,1758.00
Bowflex Max Trainer,Online Social,CAM48202 DOXFBESCODE002,Web,5/9/2016,5/13/2016,8,14501.00
Bowflex Max Trainer,Online Social,CAM48205 DOXFBESCODE005,Web,5/9/2016,5/13/2016,3,4247.00
Bowflex Selecttech Dumbbells,Online Social,CAM48208 DOXFBDSCODE002,Web,5/9/2016,5/13/2016,1,549.00
Bowflex Max Trainer,Short Form,CAM48311 HIS2N180JACKDTIC,Call Center Internal,5/9/2016,5/13/2016,1,1599.00
Treadclimber,Short Form,CAM48518 INSPN180HKINGTIC,Call Center Internal,5/9/2016,5/13/2016,2,4006.00
Bowflex Max Trainer,Short Form,CAM48755 GRITN120J14FSTIC,Call Center Internal,5/9/2016,5/13/2016,1,1758.00
Bowflex Max Trainer,Short Form,CAM48774 PIVTN180JACFSTIC,Call Center Internal,5/9/2016,5/13/2016,1,2198.99
Treadclimber,Short Form,CAM49228 INSPN120BOO16TIC,Call Center Internal,5/9/2016,5/13/2016,2,3198.00
Treadclimber,Short Form,CAM49229 METVN120BOO16TIC,Call Center Internal,5/9/2016,5/13/2016,1,2297.08
Treadclimber,Short Form,CAM49231 GAMEN120BOO16TIC,Call Center Internal,5/9/2016,5/13/2016,1,2029.10
Bowflex Max Trainer,Short Form,CAM49336 SUNDN120HAM7*TIC,Call Center Internal,5/9/2016,5/13/2016,1,1599.00
Bowflex Max Trainer,Short Form,CAM48793 HERON5MNHAMFSTIC,Third Party Call Center - Evolve,5/9/2016,5/13/2016,1,1599.00
Bowflex Home Gyms,Un-Sourced,CAM28157 SALESFOLLOWUP,Call Center Internal,5/9/2016,5/13/2016,2,3198.00
Bowflex Selecttech Dumbbells,Un-Sourced,CAM40819 1800SELECTTECH,Call Center Internal,5/9/2016,5/13/2016,0,75.12
Bowflex Home Gyms,Un-Sourced,CAM40821 1800BOWFLEX,Call Center Internal,5/9/2016,5/13/2016,0,326.36
Treadclimber,Un-Sourced,CAM40825 1800TREADCLIMBER,Call Center Internal,5/9/2016,5/13/2016,0,224.10
Bowflex Max Trainer,Un-Sourced,CAM45327 1800MAXTRAINER,Call Center Internal,5/9/2016,5/13/2016,9,13407.30
Bowflex Home Gyms,Electronic - Short Form,CAM27401 DEFAULTADID,Call Center Internal,5/9/2016,5/14/2016,0,99.00
Treadclimber,Electronic - Short Form,CAM36608 dsetsf12a,Web,5/9/2016,5/14/2016,2,4077.18
Bowflex Max Trainer,Electronic - Short Form,CAM44172 dseesf14a,Web,5/9/2016,5/14/2016,1,2349.00
Bowflex Max Trainer,Electronic - Short Form,CAM45798 DSEESF14H,Web,5/9/2016,5/14/2016,2,3157.00
Bowflex Max Trainer,Electronic - Short Form,CAM48876 DSEESF15A,Web,5/9/2016,5/14/2016,1,1599.00
Bowflex Selecttech Dumbbells,Electronic - UnSourced,CAM11920 SAWWEBST,Call Center Internal,5/9/2016,5/14/2016,2,2824.00
Bowflex Catalog,Electronic - UnSourced,CAM127 1800BOWFLEX_BFC,Call Center Internal,5/9/2016,5/14/2016,2,3086.00
Bowflex Home Gyms,Electronic - UnSourced,CAM25756 DEGSAWBFG,Call Center Internal,5/9/2016,5/14/2016,1,1049.00
Bowflex Max Trainer,Electronic - UnSourced,CAM44236 SAWMAX,Call Center Internal,5/9/2016,5/14/2016,6,11424.99
Treadclimber,Electronic - UnSourced,CAM6025 SAWWEBTC,Call Center Internal,5/9/2016,5/14/2016,1,2262.99
Treadclimber,Electronic - UnSourced,CAM16414 DEGBFTRC,Web,5/9/2016,5/14/2016,2,5013.19
Bowflex Selecttech Dumbbells,Electronic - UnSourced,CAM23877 degd1sitest,Web,5/9/2016,5/14/2016,2,1525.99
Treadclimber,Electronic - UnSourced,CAM23879 degt1sitetc,Web,5/9/2016,5/14/2016,3,9431.77
Bowflex Home Gyms,Electronic - UnSourced,CAM28771 degg1siteg,Web,5/9/2016,5/14/2016,1,1454.96
Bowflex Selecttech Dumbbells,Electronic - UnSourced,CAM34888 degdbst,Web,5/9/2016,5/14/2016,2,898.00
Bowflex Max Trainer,Electronic - UnSourced,CAM41189 degemax,Web,5/9/2016,5/14/2016,15,23793.00
Bowflex Max Trainer,Electronic - UnSourced,CAM44433 dege1sitemx,Web,5/9/2016,5/14/2016,12,19046.00
Treadclimber,Online,CAM6110 SAWGOOGTC,Call Center Internal,5/9/2016,5/14/2016,3,5265.78
Bowflex Max Trainer,Online Display,CAM48252 DODMAGEDL1,Call Center Internal,5/9/2016,5/14/2016,1,2199.00
Bowflex Max Trainer,Online Display,CAM47251 DODCTOEDL2,Web,5/9/2016,5/14/2016,7,12458.00
Treadclimber,Online Display,CAM47254 DODCTOTDL1,Web,5/9/2016,5/14/2016,2,4058.20
Bowflex Home Gyms,Online Search,CAM30796 SAWDOSG2G,Call Center Internal,5/9/2016,5/14/2016,1,1797.00
Bowflex Catalog,Online Search,CAM32307 SAWDOSG2C,Call Center Internal,5/9/2016,5/14/2016,0,30.99
Treadclimber,Online Search,CAM32595 SAWDOSBIT,Call Center Internal,5/9/2016,5/14/2016,1,2138.09
Bowflex Max Trainer,Online Search,CAM44223 SAWDOSBIE,Call Center Internal,5/9/2016,5/14/2016,1,1119.30
Bowflex Max Trainer,Online Search,CAM44230 SAWDOSG2E,Call Center Internal,5/9/2016,5/14/2016,8,14889.10
Bowflex Max Trainer,Online Search,CAM44539 SAWDOSG2EMOBILE2,Call Center Internal,5/9/2016,5/14/2016,2,3407.00
Bowflex Max Trainer,Online Search,CAM44230 SAWDOSG2E,Third Party Call Center - Evolve,5/9/2016,5/14/2016,1,1449.00
Bowflex Home Gyms,Online Search,CAM31080 dosg2ggl1bf,Web,5/9/2016,5/14/2016,3,3147.00
Treadclimber,Online Search,CAM31082 dosg2tgl1tc,Web,5/9/2016,5/14/2016,1,3237.08
Bowflex Catalog,Online Search,CAM32376 dosg2csl1,Web,5/9/2016,5/14/2016,1,2342.82
Bowflex Selecttech Dumbbells,Online Search,CAM32678 dosg2dgl1st,Web,5/9/2016,5/14/2016,1,687.00
Treadclimber,Online Search,CAM37440 dosg2tsl21,Web,5/9/2016,5/14/2016,3,6585.30
Treadclimber,Online Search,CAM37655 dosbitsl10,Web,5/9/2016,5/14/2016,2,4077.18
Bowflex Selecttech Dumbbells,Online Search,CAM39439 dosbidgl1st,Web,5/9/2016,5/14/2016,1,549.00
Treadclimber,Online Search,CAM39442 dosbitgl1tc,Web,5/9/2016,5/14/2016,1,2969.10
Bowflex Max Trainer,Online Search,CAM44429 dosbiesl1,Web,5/9/2016,5/14/2016,7,11710.00
Bowflex Max Trainer,Online Search,CAM44435 dosg2egl1mx,Web,5/9/2016,5/14/2016,7,11957.99
Bowflex Max Trainer,Online Search,CAM44497 dosg2esl1,Web,5/9/2016,5/14/2016,7,11809.00
Bowflex Max Trainer,Online Search,CAM44520 dosbiegl1mx,Web,5/9/2016,5/14/2016,2,4107.00
Bowflex Max Trainer,Online Search,CAM44560 dosg2esl5,Web,5/9/2016,5/14/2016,1,1749.00
Bowflex Max Trainer,Online Search,CAM45009 dosg2eml1,Web,5/9/2016,5/14/2016,6,10353.00
Bowflex Max Trainer,Online Search,CAM45729 DOSG2ESL6,Web,5/9/2016,5/14/2016,2,3248.00
Bowflex Max Trainer,Online Search,CAM45730 DOSG2ESL7,Web,5/9/2016,5/14/2016,4,6396.00
Bowflex Max Trainer,Online Search,CAM47150 DOSG2ESL9,Web,5/9/2016,5/14/2016,2,3248.00
Bowflex Max Trainer,Online Search,CAM47151 DOSG2EML2,Web,5/9/2016,5/14/2016,3,4774.00
Bowflex Max Trainer,Online Shopping,CAM45043 SAWDOFG2E,Call Center Internal,5/9/2016,5/14/2016,2,3957.00
Bowflex Home Gyms,Online Shopping,CAM32062 dofg2gfeed1,Web,5/9/2016,5/14/2016,1,3098.00
Treadclimber,Online Shopping,CAM32123 dofg2tfeed1,Web,5/9/2016,5/14/2016,0,37.96
Bowflex Catalog,Online Shopping,CAM33966 dofg2cfeed1,Web,5/9/2016,5/14/2016,3,2609.99
Bowflex Max Trainer,Online Shopping,CAM44887 dofg2efeed1,Web,5/9/2016,5/14/2016,5,8254.00
Bowflex Max Trainer,Online Shopping,CAM44948 dofbiefeed1,Web,5/9/2016,5/14/2016,1,1049.00
Bowflex Max Trainer,Online Shopping,CAM48975 DOFG2EFEED2,Web,5/9/2016,5/14/2016,2,3798.00
Bowflex Catalog,Online Shopping,CAM48980 DOFG2CFEED3,Web,5/9/2016,5/14/2016,0,23.99
Bowflex Max Trainer,Online Social,CAM48200 SAWDOXFBESCODE,Call Center Internal,5/9/2016,5/14/2016,2,4669.99
Bowflex Max Trainer,Online Social,CAM47172 DOXFBEGL1,Web,5/9/2016,5/14/2016,1,1599.00
Treadclimber,Online Social,CAM48185 DOXFBTSCODE002,Web,5/9/2016,5/14/2016,2,4058.20
Bowflex Max Trainer,Online Social,CAM48202 DOXFBESCODE002,Web,5/9/2016,5/14/2016,2,3948.00
Bowflex Max Trainer,Online Social,CAM48203 DOXFBESCODE003,Web,5/9/2016,5/14/2016,1,2358.00
Bowflex Selecttech Dumbbells,Online Social,CAM48208 DOXFBDSCODE002,Web,5/9/2016,5/14/2016,1,887.98
Treadclimber,Print,CAM49252 P0516WMNWRLDCSYFW,Call Center Internal,5/9/2016,5/14/2016,1,2448.00
Bowflex Max Trainer,Short Form,CAM47192 SUNDN120HAMBYTIC,Call Center Internal,5/9/2016,5/14/2016,1,1658.00
Treadclimber,Short Form,CAM48517 LMN*N60*HKINGTIC,Call Center Internal,5/9/2016,5/14/2016,2,4898.08
Treadclimber,Short Form,CAM48521 HMM*N180HKINGTIC,Call Center Internal,5/9/2016,5/14/2016,1,1899.00
Treadclimber,Short Form,CAM48810 BLAZN120HKINGTIC,Call Center Internal,5/9/2016,5/14/2016,1,2561.99
Bowflex Max Trainer,Short Form,CAM49156 FOXNN120J14FSTIC,Call Center Internal,5/9/2016,5/14/2016,1,1758.00
Treadclimber,Short Form,CAM49227 ION*N120BOO16TIC,Call Center Internal,5/9/2016,5/14/2016,1,1049.00
Bowflex Max Trainer,Short Form,CAM49343 WNATN120HAM7*TIC,Call Center Internal,5/9/2016,5/14/2016,1,1049.00
Bowflex Max Trainer,Short Form,CAM49346 GRITN120HAM7*TIC,Call Center Internal,5/9/2016,5/14/2016,1,1758.00
Bowflex Max Trainer,Short Form,CAM48796 DESTN5MNHAMFSTIC,Third Party Call Center - Evolve,5/9/2016,5/14/2016,1,1758.00
Bowflex Home Gyms,Un-Sourced,CAM28157 SALESFOLLOWUP,Call Center Internal,5/9/2016,5/14/2016,4,6985.10
Bowflex Selecttech Dumbbells,Un-Sourced,CAM40819 1800SELECTTECH,Call Center Internal,5/9/2016,5/14/2016,1,847.00
Bowflex Max Trainer,Un-Sourced,CAM45327 1800MAXTRAINER,Call Center Internal,5/9/2016,5/14/2016,2,2707.00
Bowflex Max Trainer,Electronic - Short Form,CAM44215 SAWDSEESF14A,Call Center Internal,5/9/2016,5/15/2016,1,1698.00
Bowflex Max Trainer,Electronic - Short Form,CAM44172 dseesf14a,Web,5/9/2016,5/15/2016,1,1499.00
Bowflex Max Trainer,Electronic - Short Form,CAM44191 dseesf14d,Web,5/9/2016,5/15/2016,1,1658.00
Bowflex Max Trainer,Electronic - Short Form,CAM48876 DSEESF15A,Web,5/9/2016,5/15/2016,2,3198.00
Bowflex Home Gyms,Electronic - UnSourced,CAM25756 DEGSAWBFG,Call Center Internal,5/9/2016,5/15/2016,1,2873.98
Bowflex Max Trainer,Electronic - UnSourced,CAM44236 SAWMAX,Call Center Internal,5/9/2016,5/15/2016,6,10160.37
Bowflex Max Trainer,Electronic - UnSourced,CAM44626 1800BOWFLEX_BMT,Call Center Internal,5/9/2016,5/15/2016,4,7095.00
Treadclimber,Electronic - UnSourced,CAM6025 SAWWEBTC,Call Center Internal,5/9/2016,5/15/2016,4,8754.27
Bowflex Max Trainer,Electronic - UnSourced,CAM44236 SAWMAX,Third Party Call Center - Evolve,5/9/2016,5/15/2016,1,999.00
Treadclimber,Electronic - UnSourced,CAM16414 DEGBFTRC,Web,5/9/2016,5/15/2016,3,8254.26
Bowflex Home Gyms,Electronic - UnSourced,CAM16616 DEGBFBHG,Web,5/9/2016,5/15/2016,0,55.96
Bowflex Selecttech Dumbbells,Electronic - UnSourced,CAM23877 degd1sitest,Web,5/9/2016,5/15/2016,4,2183.98
Treadclimber,Electronic - UnSourced,CAM23879 degt1sitetc,Web,5/9/2016,5/15/2016,3,7626.09
Bowflex Home Gyms,Electronic - UnSourced,CAM28771 degg1siteg,Web,5/9/2016,5/15/2016,2,3136.94
Bowflex Home Gyms,Electronic - UnSourced,CAM28777 deggrevurl,Web,5/9/2016,5/15/2016,0,218.99
Bowflex Selecttech Dumbbells,Electronic - UnSourced,CAM34888 degdbst,Web,5/9/2016,5/15/2016,0,208.99
Bowflex Max Trainer,Electronic - UnSourced,CAM41189 degemax,Web,5/9/2016,5/15/2016,20,33015.98
Bowflex Max Trainer,Electronic - UnSourced,CAM44433 dege1sitemx,Web,5/9/2016,5/15/2016,17,25719.00
Treadclimber,Online,CAM6110 SAWGOOGTC,Call Center Internal,5/9/2016,5/15/2016,2,4077.18
Bowflex Max Trainer,Online Display,CAM47239 SAWDODCTOE,Call Center Internal,5/9/2016,5/15/2016,1,1608.60
Bowflex Max Trainer,Online Display,CAM47251 DODCTOEDL2,Web,5/9/2016,5/15/2016,9,15899.00
Bowflex Selecttech Dumbbells,Online Display,CAM47267 DODCTODDL2,Web,5/9/2016,5/15/2016,1,549.00
Bowflex Selecttech Dumbbells,Online Search,CAM30793 SAWDOSG2D,Call Center Internal,5/9/2016,5/15/2016,1,549.00
Bowflex Home Gyms,Online Search,CAM30796 SAWDOSG2G,Call Center Internal,5/9/2016,5/15/2016,1,2799.00
Treadclimber,Online Search,CAM32595 SAWDOSBIT,Call Center Internal,5/9/2016,5/15/2016,1,3212.99
Bowflex Selecttech Dumbbells,Online Search,CAM32596 SAWDOSBID,Call Center Internal,5/9/2016,5/15/2016,3,3932.60
Treadclimber,Online Search,CAM44065 SAWDOSG2TMOBILE2,Call Center Internal,5/9/2016,5/15/2016,2,1895.00
Bowflex Max Trainer,Online Search,CAM44223 SAWDOSBIE,Call Center Internal,5/9/2016,5/15/2016,1,1148.00
Bowflex Max Trainer,Online Search,CAM44230 SAWDOSG2E,Call Center Internal,5/9/2016,5/15/2016,5,8645.00
Bowflex Max Trainer,Online Search,CAM44429 dosbiesl1,Call Center Internal,5/9/2016,5/15/2016,1,1148.00
Bowflex Max Trainer,Online Search,CAM44539 SAWDOSG2EMOBILE2,Call Center Internal,5/9/2016,5/15/2016,3,4495.00
Bowflex Home Gyms,Online Search,CAM31080 dosg2ggl1bf,Web,5/9/2016,5/15/2016,5,8582.91
Treadclimber,Online Search,CAM31082 dosg2tgl1tc,Web,5/9/2016,5/15/2016,1,2048.08
Bowflex Catalog,Online Search,CAM32376 dosg2csl1,Web,5/9/2016,5/15/2016,1,684.98
Bowflex Catalog,Online Search,CAM32380 dosmsncsl1,Web,5/9/2016,5/15/2016,0,239.00
Bowflex Selecttech Dumbbells,Online Search,CAM32678 dosg2dgl1st,Web,5/9/2016,5/15/2016,0,139.00
Treadclimber,Online Search,CAM33117 dosg2tmobile,Web,5/9/2016,5/15/2016,1,2157.07
Treadclimber,Online Search,CAM36885 dosbitsl2,Web,5/9/2016,5/15/2016,2,4118.18
Bowflex Selecttech Dumbbells,Online Search,CAM37428 dosg2dsl14,Web,5/9/2016,5/15/2016,1,688.00
Bowflex Selecttech Dumbbells,Online Search,CAM37432 dosg2dsl18,Web,5/9/2016,5/15/2016,2,698.00
Treadclimber,Online Search,CAM37440 dosg2tsl21,Web,5/9/2016,5/15/2016,5,10401.89
Treadclimber,Online Search,CAM37655 dosbitsl10,Web,5/9/2016,5/15/2016,1,2949.00
Bowflex Selecttech Dumbbells,Online Search,CAM39439 dosbidgl1st,Web,5/9/2016,5/15/2016,1,349.00
Treadclimber,Online Search,CAM43666 dosg2tmobile4,Web,5/9/2016,5/15/2016,1,2036.49
Bowflex Max Trainer,Online Search,CAM44429 dosbiesl1,Web,5/9/2016,5/15/2016,3,4247.00
Bowflex Max Trainer,Online Search,CAM44435 dosg2egl1mx,Web,5/9/2016,5/15/2016,8,14201.00
Bowflex Max Trainer,Online Search,CAM44497 dosg2esl1,Web,5/9/2016,5/15/2016,13,22123.00
Bowflex Max Trainer,Online Search,CAM44520 dosbiegl1mx,Web,5/9/2016,5/15/2016,8,14201.00
Bowflex Max Trainer,Online Search,CAM44952 dosbieml1,Web,5/9/2016,5/15/2016,2,3957.00
Bowflex Max Trainer,Online Search,CAM45009 dosg2eml1,Web,5/9/2016,5/15/2016,7,11942.00
Bowflex Max Trainer,Online Search,CAM45729 DOSG2ESL6,Web,5/9/2016,5/15/2016,2,2648.00
Bowflex Max Trainer,Online Search,CAM45730 DOSG2ESL7,Web,5/9/2016,5/15/2016,1,1599.00
Treadclimber,Online Search,CAM46146 DOSBITSL17,Web,5/9/2016,5/15/2016,1,2029.10
Bowflex Max Trainer,Online Search,CAM47150 DOSG2ESL9,Web,5/9/2016,5/15/2016,3,4406.00
Bowflex Max Trainer,Online Search,CAM47151 DOSG2EML2,Web,5/9/2016,5/15/2016,3,4664.00
Bowflex Max Trainer,Online Search,CAM47152 DOSBIESL8,Web,5/9/2016,5/15/2016,1,2199.00
Bowflex Max Trainer,Online Search,CAM48984 DOSG2ESL11,Web,5/9/2016,5/15/2016,2,4548.00
Bowflex Selecttech Dumbbells,Online Shopping,CAM32061 dofg2dfeed1,Web,5/9/2016,5/15/2016,1,349.00
Bowflex Home Gyms,Online Shopping,CAM32062 dofg2gfeed1,Web,5/9/2016,5/15/2016,1,2067.99
Bowflex Catalog,Online Shopping,CAM33966 dofg2cfeed1,Web,5/9/2016,5/15/2016,1,310.73
Bowflex Max Trainer,Online Shopping,CAM44887 dofg2efeed1,Web,5/9/2016,5/15/2016,12,17970.98
Bowflex Max Trainer,Online Shopping,CAM44937 dofszefeed1,Web,5/9/2016,5/15/2016,1,1758.00
Bowflex Max Trainer,Online Shopping,CAM44948 dofbiefeed1,Web,5/9/2016,5/15/2016,1,1599.00
Bowflex Max Trainer,Online Shopping,CAM48975 DOFG2EFEED2,Web,5/9/2016,5/15/2016,2,2747.00
Bowflex Catalog,Online Shopping,CAM48980 DOFG2CFEED3,Web,5/9/2016,5/15/2016,1,2358.00
Bowflex Selecttech Dumbbells,Online Social,CAM47173 DOXFBDGL1,Call Center Internal,5/9/2016,5/15/2016,0,.00
Bowflex Max Trainer,Online Social,CAM48200 SAWDOXFBESCODE,Call Center Internal,5/9/2016,5/15/2016,1,2199.00
Treadclimber,Online Social,CAM48185 DOXFBTSCODE002,Web,5/9/2016,5/15/2016,3,6706.19
Bowflex Max Trainer,Online Social,CAM48202 DOXFBESCODE002,Web,5/9/2016,5/15/2016,4,7172.98
Bowflex Max Trainer,Online Social,CAM48203 DOXFBESCODE003,Web,5/9/2016,5/15/2016,1,2358.00
Bowflex Max Trainer,Online Social,CAM48205 DOXFBESCODE005,Web,5/9/2016,5/15/2016,1,1049.00
Bowflex Selecttech Dumbbells,Online Social,CAM48209 DOXFBDSCODE003,Web,5/9/2016,5/15/2016,1,349.00
Treadclimber,Short Form,CAM47302 DTVLN60*WALKATIC,Call Center Internal,5/9/2016,5/15/2016,1,1599.00
Treadclimber,Short Form,CAM48518 INSPN180HKINGTIC,Call Center Internal,5/9/2016,5/15/2016,2,4228.10
Bowflex Max Trainer,Short Form,CAM48775 SUNDN180JACFSTIC,Call Center Internal,5/9/2016,5/15/2016,1,1099.00
Treadclimber,Short Form,CAM49226 HMM*N120WMN16TIC,Call Center Internal,5/9/2016,5/15/2016,1,2048.08
Treadclimber,Short Form,CAM49232 DCADN120BOO16TIC,Call Center Internal,5/9/2016,5/15/2016,1,349.00
Treadclimber,Short Form,CAM49234 GET*N120BOO16TIC,Call Center Internal,5/9/2016,5/15/2016,2,4192.09
Bowflex Max Trainer,Short Form,CAM49345 JUSTN120HAM7*TIC,Call Center Internal,5/9/2016,5/15/2016,1,1857.00
Bowflex Home Gyms,Un-Sourced,CAM40821 1800BOWFLEX,Call Center Internal,5/9/2016,5/15/2016,2,3098.00
Treadclimber,Un-Sourced,CAM40825 1800TREADCLIMBER,Call Center Internal,5/9/2016,5/15/2016,1,2029.10
Bowflex Max Trainer,Un-Sourced,CAM45327 1800MAXTRAINER,Call Center Internal,5/9/2016,5/15/2016,7,12001.00
Bowflex Max Trainer,Digital - Info Kit,CAM49053 DEDIKE2016Q1A,Web,5/16/2016,5/16/2016,1,1599.00
Treadclimber,Electronic - Short Form,CAM36104 SAWSF11E,Call Center Internal,5/16/2016,5/16/2016,1,1749.32
Bowflex Max Trainer,Electronic - Short Form,CAM44215 SAWDSEESF14A,Call Center Internal,5/16/2016,5/16/2016,2,2998.00
Treadclimber,Electronic - Short Form,CAM36608 dsetsf12a,Web,5/16/2016,5/16/2016,1,3332.09
Bowflex Max Trainer,Electronic - Short Form,CAM44172 dseesf14a,Web,5/16/2016,5/16/2016,2,2998.00
Bowflex Max Trainer,Electronic - Short Form,CAM45387 DSEESF14E,Web,5/16/2016,5/16/2016,2,2807.00
Bowflex Max Trainer,Electronic - Short Form,CAM48876 DSEESF15A,Web,5/16/2016,5/16/2016,1,1599.00
Treadclimber,Electronic - Short Form,CAM49292 DSETSF16A,Web,5/16/2016,5/16/2016,1,2278.10
Bowflex Selecttech Dumbbells,Electronic - UnSourced,CAM11920 SAWWEBST,Call Center Internal,5/16/2016,5/16/2016,1,2229.79
Bowflex Selecttech Dumbbells,Electronic - UnSourced,CAM129 1800BOWFLEX_BST,Call Center Internal,5/16/2016,5/16/2016,1,745.99
Treadclimber,Electronic - UnSourced,CAM133 1800BOWFLEX_TRC,Call Center Internal,5/16/2016,5/16/2016,2,4186.17
Bowflex Home Gyms,Electronic - UnSourced,CAM25756 DEGSAWBFG,Call Center Internal,5/16/2016,5/16/2016,2,3563.41
Bowflex Max Trainer,Electronic - UnSourced,CAM44236 SAWMAX,Call Center Internal,5/16/2016,5/16/2016,10,16562.24
Bowflex Max Trainer,Electronic - UnSourced,CAM44626 1800BOWFLEX_BMT,Call Center Internal,5/16/2016,5/16/2016,1,1599.00
Treadclimber,Electronic - UnSourced,CAM6025 SAWWEBTC,Call Center Internal,5/16/2016,5/16/2016,3,6251.39
Bowflex Max Trainer,Electronic - UnSourced,CAM44236 SAWMAX,Third Party Call Center - Evolve,5/16/2016,5/16/2016,1,2358.00
Treadclimber,Electronic - UnSourced,CAM16414 DEGBFTRC,Web,5/16/2016,5/16/2016,7,15890.70
Bowflex Home Gyms,Electronic - UnSourced,CAM16616 DEGBFBHG,Web,5/16/2016,5/16/2016,0,44.98
Bowflex Selecttech Dumbbells,Electronic - UnSourced,CAM23877 degd1sitest,Web,5/16/2016,5/16/2016,2,918.98
Treadclimber,Electronic - UnSourced,CAM23879 degt1sitetc,Web,5/16/2016,5/16/2016,7,18817.09
Bowflex Home Gyms,Electronic - UnSourced,CAM28771 degg1siteg,Web,5/16/2016,5/16/2016,1,1848.41
Bowflex Home Gyms,Electronic - UnSourced,CAM32136 deggbhg,Web,5/16/2016,5/16/2016,1,1650.95
Bowflex Selecttech Dumbbells,Electronic - UnSourced,CAM34888 degdbst,Web,5/16/2016,5/16/2016,6,2802.99
Bowflex Max Trainer,Electronic - UnSourced,CAM41189 degemax,Web,5/16/2016,5/16/2016,23,43035.41
Bowflex Max Trainer,Electronic - UnSourced,CAM44433 dege1sitemx,Web,5/16/2016,5/16/2016,20,32465.00
Treadclimber,Online,CAM6110 SAWGOOGTC,Call Center Internal,5/16/2016,5/16/2016,2,4371.06
Bowflex Max Trainer,Online Display,CAM47239 SAWDODCTOE,Call Center Internal,5/16/2016,5/16/2016,2,2648.00
Bowflex Max Trainer,Online Display,CAM49245 SAWDODSTLE,Call Center Internal,5/16/2016,5/16/2016,2,3897.00
Bowflex Max Trainer,Online Display,CAM47251 DODCTOEDL2,Web,5/16/2016,5/16/2016,12,19947.00
Treadclimber,Online Display,CAM47254 DODCTOTDL1,Web,5/16/2016,5/16/2016,2,5247.20
Treadclimber,Online Search,CAM32595 SAWDOSBIT,Call Center Internal,5/16/2016,5/16/2016,3,7765.10
Treadclimber,Online Search,CAM44065 SAWDOSG2TMOBILE2,Call Center Internal,5/16/2016,5/16/2016,1,2048.08
Bowflex Max Trainer,Online Search,CAM44223 SAWDOSBIE,Call Center Internal,5/16/2016,5/16/2016,1,2199.00
Bowflex Max Trainer,Online Search,CAM44230 SAWDOSG2E,Call Center Internal,5/16/2016,5/16/2016,6,9653.00
Bowflex Max Trainer,Online Search,CAM44539 SAWDOSG2EMOBILE2,Call Center Internal,5/16/2016,5/16/2016,1,1049.00
Bowflex Max Trainer,Online Search,CAM47151 DOSG2EML2,Call Center Internal,5/16/2016,5/16/2016,1,2199.00
Bowflex Max Trainer,Online Search,CAM44223 SAWDOSBIE,Third Party Call Center - Evolve,5/16/2016,5/16/2016,1,1608.00
Bowflex Home Gyms,Online Search,CAM31080 dosg2ggl1bf,Web,5/16/2016,5/16/2016,2,3198.97
Treadclimber,Online Search,CAM31082 dosg2tgl1tc,Web,5/16/2016,5/16/2016,2,5097.29
Bowflex Selecttech Dumbbells,Online Search,CAM32678 dosg2dgl1st,Web,5/16/2016,5/16/2016,3,1447.00
Bowflex Home Gyms,Online Search,CAM37434 dosg2gsl29,Web,5/16/2016,5/16/2016,1,1479.97
Treadclimber,Online Search,CAM37440 dosg2tsl21,Web,5/16/2016,5/16/2016,4,9996.40
Bowflex Selecttech Dumbbells,Online Search,CAM39439 dosbidgl1st,Web,5/16/2016,5/16/2016,1,887.00
Bowflex Home Gyms,Online Search,CAM39440 dosbiggl1bf,Web,5/16/2016,5/16/2016,0,126.97
Treadclimber,Online Search,CAM43666 dosg2tmobile4,Web,5/16/2016,5/16/2016,2,4307.20
Bowflex Max Trainer,Online Search,CAM44429 dosbiesl1,Web,5/16/2016,5/16/2016,5,8804.00
Bowflex Max Trainer,Online Search,CAM44435 dosg2egl1mx,Web,5/16/2016,5/16/2016,8,12610.00
Bowflex Max Trainer,Online Search,CAM44497 dosg2esl1,Web,5/16/2016,5/16/2016,10,17499.00
Bowflex Max Trainer,Online Search,CAM44520 dosbiegl1mx,Web,5/16/2016,5/16/2016,1,1049.00
Bowflex Max Trainer,Online Search,CAM44567 dosg2esl3,Web,5/16/2016,5/16/2016,1,1499.00
Bowflex Max Trainer,Online Search,CAM44952 dosbieml1,Web,5/16/2016,5/16/2016,1,2199.00
Bowflex Max Trainer,Online Search,CAM45009 dosg2eml1,Web,5/16/2016,5/16/2016,4,6972.00
Bowflex Max Trainer,Online Search,CAM45730 DOSG2ESL7,Web,5/16/2016,5/16/2016,5,7763.00
Bowflex Max Trainer,Online Search,CAM45732 DOSBIESL7,Web,5/16/2016,5/16/2016,1,1599.00
Bowflex Max Trainer,Online Search,CAM47150 DOSG2ESL9,Web,5/16/2016,5/16/2016,1,1599.00
Bowflex Max Trainer,Online Search,CAM47151 DOSG2EML2,Web,5/16/2016,5/16/2016,1,1758.00
Treadclimber,Online Search,CAM48240 DOSBITSL18,Web,5/16/2016,5/16/2016,1,2029.10
Bowflex Max Trainer,Online Search,CAM48984 DOSG2ESL11,Web,5/16/2016,5/16/2016,1,2508.00
Bowflex Max Trainer,Online Search,CAM48985 DOSBIESL10,Web,5/16/2016,5/16/2016,1,2199.00
Bowflex Home Gyms,Online Shopping,CAM32080 SAWDOFG2G,Call Center Internal,5/16/2016,5/16/2016,0,32.28
Bowflex Catalog,Online Shopping,CAM33953 SAWDOFG2C,Call Center Internal,5/16/2016,5/16/2016,0,.00
Bowflex Max Trainer,Online Shopping,CAM45043 SAWDOFG2E,Call Center Internal,5/16/2016,5/16/2016,1,1499.00
Bowflex Home Gyms,Online Shopping,CAM32062 dofg2gfeed1,Web,5/16/2016,5/16/2016,0,23.98
Bowflex Catalog,Online Shopping,CAM33966 dofg2cfeed1,Web,5/16/2016,5/16/2016,0,278.94
Bowflex Max Trainer,Online Shopping,CAM44887 dofg2efeed1,Web,5/16/2016,5/16/2016,9,12465.00
Bowflex Max Trainer,Online Shopping,CAM44948 dofbiefeed1,Web,5/16/2016,5/16/2016,1,1148.00
Treadclimber,Online Shopping,CAM48973 DOFG2TFEED2,Web,5/16/2016,5/16/2016,0,11.48
Bowflex Max Trainer,Online Shopping,CAM48975 DOFG2EFEED2,Web,5/16/2016,5/16/2016,3,4814.99
Bowflex Catalog,Online Shopping,CAM48980 DOFG2CFEED3,Web,5/16/2016,5/16/2016,0,52.96
Bowflex Max Trainer,Online Social,CAM45898 DOXFBERESPONSE,Call Center Internal,5/16/2016,5/16/2016,2,1818.60
Treadclimber,Online Social,CAM48183 SAWDOXFBTSCODE,Call Center Internal,5/16/2016,5/16/2016,1,2406.07
Treadclimber,Online Social,CAM48185 DOXFBTSCODE002,Web,5/16/2016,5/16/2016,1,2969.10
Bowflex Max Trainer,Online Social,CAM48202 DOXFBESCODE002,Web,5/16/2016,5/16/2016,3,6255.00
Treadclimber,Short Form,CAM48486 IDISN60*HKINGTIC_,Call Center Internal,5/16/2016,5/16/2016,2,4557.00
Treadclimber,Short Form,CAM48497 ION*N120HKINGTIC,Call Center Internal,5/16/2016,5/16/2016,1,2462.99
Treadclimber,Short Form,CAM48521 HMM*N180HKINGTIC,Call Center Internal,5/16/2016,5/16/2016,2,2097.00
Bowflex Max Trainer,Short Form,CAM48744 FOX*NVODJ14FSTIC,Call Center Internal,5/16/2016,5/16/2016,1,2984.09
Bowflex Max Trainer,Short Form,CAM48757 CSISN120J14FSTIC,Call Center Internal,5/16/2016,5/16/2016,1,2278.10
Bowflex Max Trainer,Short Form,CAM48761 EREYN120J14FSTIC,Call Center Internal,5/16/2016,5/16/2016,2,2648.00
Bowflex Max Trainer,Short Form,CAM48778 DTVSN60*J14FSTIC,Call Center Internal,5/16/2016,5/16/2016,1,3299.00
Bowflex Max Trainer,Short Form,CAM49225 CHLRN5MNHAMFSTIC,Call Center Internal,5/16/2016,5/16/2016,1,2297.08
Treadclimber,Short Form,CAM49226 HMM*N120WMN16TIC,Call Center Internal,5/16/2016,5/16/2016,1,2199.00
Treadclimber,Short Form,CAM49228 INSPN120BOO16TIC,Call Center Internal,5/16/2016,5/16/2016,1,2029.10
Treadclimber,Short Form,CAM49230 BRNGN120WMN16TIC,Call Center Internal,5/16/2016,5/16/2016,2,3324.55
Treadclimber,Short Form,CAM49236 BLAZN120BOO16TIC,Call Center Internal,5/16/2016,5/16/2016,2,6565.18
Treadclimber,Short Form,CAM49237 MOVSN120BOO16TIC,Call Center Internal,5/16/2016,5/16/2016,1,3034.08
Bowflex Max Trainer,Short Form,CAM49341 IFC*N120HAM7*TIC,Call Center Internal,5/16/2016,5/16/2016,1,1599.00
Bowflex Max Trainer,Short Form,CAM49345 JUSTN120HAM7*TIC,Call Center Internal,5/16/2016,5/16/2016,1,1599.00
Bowflex Max Trainer,Short Form,CAM49356 DISNN60*HAM7*TIC,Call Center Internal,5/16/2016,5/16/2016,1,2199.00
Bowflex Home Gyms,Un-Sourced,CAM40821 1800BOWFLEX,Call Center Internal,5/16/2016,5/16/2016,2,4018.78
Treadclimber,Un-Sourced,CAM40825 1800TREADCLIMBER,Call Center Internal,5/16/2016,5/16/2016,7,9129.45
Bowflex Max Trainer,Un-Sourced,CAM45327 1800MAXTRAINER,Call Center Internal,5/16/2016,5/16/2016,7,13126.28
Treadclimber,Electronic - Short Form,CAM36608 dsetsf12a,Call Center Internal,5/16/2016,5/17/2016,1,3332.09
Bowflex Max Trainer,Electronic - Short Form,CAM44172 dseesf14a,Web,5/16/2016,5/17/2016,1,1499.00
Bowflex Selecttech Dumbbells,Electronic - UnSourced,CAM11920 SAWWEBST,Call Center Internal,5/16/2016,5/17/2016,3,2675.00
Bowflex Catalog,Electronic - UnSourced,CAM127 1800BOWFLEX_BFC,Call Center Internal,5/16/2016,5/17/2016,5,8094.00
Bowflex Selecttech Dumbbells,Electronic - UnSourced,CAM129 1800BOWFLEX_BST,Call Center Internal,5/16/2016,5/17/2016,1,1399.00
Bowflex Home Gyms,Electronic - UnSourced,CAM136 1800NAUTILUS_BFX,Call Center Internal,5/16/2016,5/17/2016,1,1399.00
Bowflex Home Gyms,Electronic - UnSourced,CAM25756 DEGSAWBFG,Call Center Internal,5/16/2016,5/17/2016,0,390.25
Bowflex Max Trainer,Electronic - UnSourced,CAM44236 SAWMAX,Call Center Internal,5/16/2016,5/17/2016,10,17580.60
Bowflex Max Trainer,Electronic - UnSourced,CAM44626 1800BOWFLEX_BMT,Call Center Internal,5/16/2016,5/17/2016,3,5397.00
Bowflex Max Trainer,Electronic - UnSourced,CAM45699 SAWICAEEMAX,Call Center Internal,5/16/2016,5/17/2016,1,1049.00
Treadclimber,Electronic - UnSourced,CAM6025 SAWWEBTC,Call Center Internal,5/16/2016,5/17/2016,5,9376.16
Bowflex Max Trainer,Electronic - UnSourced,CAM44236 SAWMAX,Third Party Call Center - Evolve,5/16/2016,5/17/2016,1,1158.00
Treadclimber,Electronic - UnSourced,CAM16414 DEGBFTRC,Web,5/16/2016,5/17/2016,2,4077.18
Bowflex Home Gyms,Electronic - UnSourced,CAM16616 DEGBFBHG,Web,5/16/2016,5/17/2016,0,56.96
Bowflex Selecttech Dumbbells,Electronic - UnSourced,CAM23877 degd1sitest,Web,5/16/2016,5/17/2016,2,1237.00
Treadclimber,Electronic - UnSourced,CAM23879 degt1sitetc,Web,5/16/2016,5/17/2016,3,8663.30
Bowflex Home Gyms,Electronic - UnSourced,CAM28771 degg1siteg,Web,5/16/2016,5/17/2016,0,17.98
Bowflex Home Gyms,Electronic - UnSourced,CAM32136 deggbhg,Web,5/16/2016,5/17/2016,1,1999.95
Bowflex Selecttech Dumbbells,Electronic - UnSourced,CAM34888 degdbst,Web,5/16/2016,5/17/2016,2,1275.99
Bowflex Max Trainer,Electronic - UnSourced,CAM41189 degemax,Web,5/16/2016,5/17/2016,14,21194.00
Bowflex Max Trainer,Electronic - UnSourced,CAM44433 dege1sitemx,Web,5/16/2016,5/17/2016,14,21467.99
Treadclimber,Online,CAM12351 SAWFROOGTC,Call Center Internal,5/16/2016,5/17/2016,1,2029.10
Treadclimber,Online,CAM6110 SAWGOOGTC,Call Center Internal,5/16/2016,5/17/2016,2,3647.08
Bowflex Max Trainer,Online Display,CAM44220 SAWDODRFE,Call Center Internal,5/16/2016,5/17/2016,0,.00
Bowflex Max Trainer,Online Display,CAM47239 SAWDODCTOE,Call Center Internal,5/16/2016,5/17/2016,4,6005.00
Bowflex Max Trainer,Online Display,CAM47251 DODCTOEDL2,Call Center Internal,5/16/2016,5/17/2016,1,1698.00
Bowflex Max Trainer,Online Display,CAM47239 SAWDODCTOE,Third Party Call Center - Evolve,5/16/2016,5/17/2016,1,1158.00
Bowflex Max Trainer,Online Display,CAM45910 DODADCEDL3,Web,5/16/2016,5/17/2016,0,159.00
Bowflex Max Trainer,Online Display,CAM47251 DODCTOEDL2,Web,5/16/2016,5/17/2016,4,6104.00
Bowflex Selecttech Dumbbells,Online Display,CAM47267 DODCTODDL2,Web,5/16/2016,5/17/2016,1,549.00
Bowflex Selecttech Dumbbells,Online Search,CAM30793 SAWDOSG2D,Call Center Internal,5/16/2016,5/17/2016,2,2506.00
Bowflex Home Gyms,Online Search,CAM30796 SAWDOSG2G,Call Center Internal,5/16/2016,5/17/2016,1,1697.22
Bowflex Catalog,Online Search,CAM32308 SAWDOSMSNC,Call Center Internal,5/16/2016,5/17/2016,0,72.79
Bowflex Selecttech Dumbbells,Online Search,CAM32678 dosg2dgl1st,Call Center Internal,5/16/2016,5/17/2016,1,648.00
Bowflex Max Trainer,Online Search,CAM44223 SAWDOSBIE,Call Center Internal,5/16/2016,5/17/2016,1,1857.00
Bowflex Max Trainer,Online Search,CAM44230 SAWDOSG2E,Call Center Internal,5/16/2016,5/17/2016,8,14707.08
Bowflex Max Trainer,Online Search,CAM44539 SAWDOSG2EMOBILE2,Call Center Internal,5/16/2016,5/17/2016,1,453.60
Bowflex Max Trainer,Online Search,CAM45009 dosg2eml1,Call Center Internal,5/16/2016,5/17/2016,1,2212.99
Bowflex Max Trainer,Online Search,CAM44230 SAWDOSG2E,Third Party Call Center - Evolve,5/16/2016,5/17/2016,1,1449.00
Bowflex Home Gyms,Online Search,CAM31080 dosg2ggl1bf,Web,5/16/2016,5/17/2016,0,198.95
Treadclimber,Online Search,CAM31082 dosg2tgl1tc,Web,5/16/2016,5/17/2016,0,75.81
Bowflex Catalog,Online Search,CAM32380 dosmsncsl1,Web,5/16/2016,5/17/2016,0,74.94
Bowflex Selecttech Dumbbells,Online Search,CAM32678 dosg2dgl1st,Web,5/16/2016,5/17/2016,1,349.00
Treadclimber,Online Search,CAM36885 dosbitsl2,Web,5/16/2016,5/17/2016,1,2278.10
Bowflex Selecttech Dumbbells,Online Search,CAM37428 dosg2dsl14,Web,5/16/2016,5/17/2016,1,688.00
Treadclimber,Online Search,CAM37440 dosg2tsl21,Web,5/16/2016,5/17/2016,5,10432.46
Treadclimber,Online Search,CAM37655 dosbitsl10,Web,5/16/2016,5/17/2016,1,2134.46
Bowflex Selecttech Dumbbells,Online Search,CAM37740 dosbidsl8,Web,5/16/2016,5/17/2016,1,299.00
Bowflex Home Gyms,Online Search,CAM39440 dosbiggl1bf,Web,5/16/2016,5/17/2016,1,2991.95
Treadclimber,Online Search,CAM39442 dosbitgl1tc,Web,5/16/2016,5/17/2016,1,2029.10
Treadclimber,Online Search,CAM43666 dosg2tmobile4,Web,5/16/2016,5/17/2016,1,2969.10
Bowflex Max Trainer,Online Search,CAM44429 dosbiesl1,Web,5/16/2016,5/17/2016,6,8644.00
Bowflex Max Trainer,Online Search,CAM44435 dosg2egl1mx,Web,5/16/2016,5/17/2016,10,17226.00
Bowflex Max Trainer,Online Search,CAM44497 dosg2esl1,Web,5/16/2016,5/17/2016,11,17556.00
Bowflex Max Trainer,Online Search,CAM44520 dosbiegl1mx,Web,5/16/2016,5/17/2016,2,3357.00
Bowflex Max Trainer,Online Search,CAM44565 dosbiesl5,Web,5/16/2016,5/17/2016,1,1499.00
Bowflex Max Trainer,Online Search,CAM45009 dosg2eml1,Web,5/16/2016,5/17/2016,4,5196.00
Bowflex Max Trainer,Online Search,CAM45729 DOSG2ESL6,Web,5/16/2016,5/17/2016,2,2098.00
Bowflex Max Trainer,Online Search,CAM45730 DOSG2ESL7,Web,5/16/2016,5/17/2016,3,4796.00
Bowflex Max Trainer,Online Search,CAM45731 DOSBIESL6,Web,5/16/2016,5/17/2016,1,1049.00
Bowflex Max Trainer,Online Search,CAM47150 DOSG2ESL9,Web,5/16/2016,5/17/2016,5,8045.00
Bowflex Max Trainer,Online Search,CAM47151 DOSG2EML2,Web,5/16/2016,5/17/2016,3,5397.00
Treadclimber,Online Search,CAM48472 DOSG2TSL38,Web,5/16/2016,5/17/2016,1,2266.06
Bowflex Max Trainer,Online Search,CAM48984 DOSG2ESL11,Web,5/16/2016,5/17/2016,1,2199.00
Bowflex Max Trainer,Online Search,CAM48985 DOSBIESL10,Web,5/16/2016,5/17/2016,1,2199.00
Bowflex Selecttech Dumbbells,Online Shopping,CAM32096 SAWDOFYAHD,Call Center Internal,5/16/2016,5/17/2016,1,549.00
Bowflex Home Gyms,Online Shopping,CAM36011 SAWICAOFMSNG,Call Center Internal,5/16/2016,5/17/2016,1,1049.00
Bowflex Max Trainer,Online Shopping,CAM45043 SAWDOFG2E,Call Center Internal,5/16/2016,5/17/2016,2,4729.99
Bowflex Catalog,Online Shopping,CAM33966 dofg2cfeed1,Web,5/16/2016,5/17/2016,1,2100.33
Treadclimber,Online Shopping,CAM44450 dofbitfeed2,Web,5/16/2016,5/17/2016,1,2278.10
Bowflex Max Trainer,Online Shopping,CAM44887 dofg2efeed1,Web,5/16/2016,5/17/2016,11,15906.00
Bowflex Max Trainer,Online Shopping,CAM44948 dofbiefeed1,Web,5/16/2016,5/17/2016,2,2098.00
Bowflex Max Trainer,Online Shopping,CAM48975 DOFG2EFEED2,Web,5/16/2016,5/17/2016,3,4456.00
Bowflex Catalog,Online Shopping,CAM48980 DOFG2CFEED3,Web,5/16/2016,5/17/2016,1,2047.98
Bowflex Max Trainer,Online Social,CAM48200 SAWDOXFBESCODE,Call Center Internal,5/16/2016,5/17/2016,2,3456.00
Bowflex Max Trainer,Online Social,CAM48203 DOXFBESCODE003,Call Center Internal,5/16/2016,5/17/2016,1,2199.00
Treadclimber,Online Social,CAM48185 DOXFBTSCODE002,Web,5/16/2016,5/17/2016,1,2969.10
Bowflex Max Trainer,Online Social,CAM48202 DOXFBESCODE002,Web,5/16/2016,5/17/2016,3,5006.00
Bowflex Max Trainer,Online Social,CAM48203 DOXFBESCODE003,Web,5/16/2016,5/17/2016,2,3248.00
Bowflex Selecttech Dumbbells,Online Social,CAM48209 DOXFBDSCODE003,Web,5/16/2016,5/17/2016,2,698.00
Treadclimber,Short Form,CAM27967 GMC*N120NDSNP***,Call Center Internal,5/16/2016,5/17/2016,1,1913.99
Treadclimber,Short Form,CAM47300 DWOMN60*WALKATIC,Call Center Internal,5/16/2016,5/17/2016,1,2199.00
Treadclimber,Short Form,CAM47345 FOXNN120ALOBYTIC,Call Center Internal,5/16/2016,5/17/2016,1,2157.07
Treadclimber,Short Form,CAM48498 INSPN120HKINGTIC,Call Center Internal,5/16/2016,5/17/2016,2,4326.18
Treadclimber,Short Form,CAM48503 BRNGN120HKINGTIC,Call Center Internal,5/16/2016,5/17/2016,1,1539.30
Treadclimber,Short Form,CAM48514 DISEN60*HKINGTIC,Call Center Internal,5/16/2016,5/17/2016,1,1599.00
Treadclimber,Short Form,CAM48521 HMM*N180HKINGTIC,Call Center Internal,5/16/2016,5/17/2016,1,2213.99
Bowflex Max Trainer,Short Form,CAM48750 IFC*N120J14FSTIC,Call Center Internal,5/16/2016,5/17/2016,1,1758.00
Bowflex Max Trainer,Short Form,CAM48793 HERON5MNHAMFSTIC,Call Center Internal,5/16/2016,5/17/2016,2,1737.00
Treadclimber,Short Form,CAM49228 INSPN120BOO16TIC,Call Center Internal,5/16/2016,5/17/2016,2,3812.99
Treadclimber,Short Form,CAM49229 METVN120BOO16TIC,Call Center Internal,5/16/2016,5/17/2016,1,1049.00
Bowflex Max Trainer,Short Form,CAM49342 ION*N120HAM7*TIC,Call Center Internal,5/16/2016,5/17/2016,3,4847.00
Bowflex Max Trainer,Short Form,CAM49345 JUSTN120HAM7*TIC,Call Center Internal,5/16/2016,5/17/2016,1,548.00
Bowflex Max Trainer,Short Form,CAM49346 GRITN120HAM7*TIC,Call Center Internal,5/16/2016,5/17/2016,1,1049.00
Bowflex Max Trainer,Short Form,CAM49354 DTVSN60*HAM7*TIC,Call Center Internal,5/16/2016,5/17/2016,2,4146.00
Bowflex Max Trainer,Short Form,CAM49355 DISMN60*HAM7*TIC,Call Center Internal,5/16/2016,5/17/2016,1,2199.00
Bowflex Home Gyms,Un-Sourced,CAM28157 SALESFOLLOWUP,Call Center Internal,5/16/2016,5/17/2016,4,5492.60
Bowflex Selecttech Dumbbells,Un-Sourced,CAM40819 1800SELECTTECH,Call Center Internal,5/16/2016,5/17/2016,1,60.57
Bowflex Catalog,Un-Sourced,CAM40820 1800BFXCATALOG,Call Center Internal,5/16/2016,5/17/2016,0,.00
Bowflex Home Gyms,Un-Sourced,CAM40821 1800BOWFLEX,Call Center Internal,5/16/2016,5/17/2016,0,472.48
Treadclimber,Un-Sourced,CAM40825 1800TREADCLIMBER,Call Center Internal,5/16/2016,5/17/2016,3,7072.31
Bowflex Revolution,Un-Sourced,CAM40829 1800REVOLUTION,Call Center Internal,5/16/2016,5/17/2016,0,388.14
Bowflex Max Trainer,Un-Sourced,CAM45327 1800MAXTRAINER,Call Center Internal,5/16/2016,5/17/2016,7,11709.12
Bowflex Max Trainer,Digital - Info Kit,CAM49053 DEDIKE2016Q1A,Web,5/16/2016,5/18/2016,1,1908.00
Treadclimber,Electronic - Short Form,CAM36104 SAWSF11E,Call Center Internal,5/16/2016,5/18/2016,0,138.27
Treadclimber,Electronic - Short Form,CAM6060 SAWOTVTC,Call Center Internal,5/16/2016,5/18/2016,1,2029.10
Bowflex Max Trainer,Electronic - Short Form,CAM44172 dseesf14a,Web,5/16/2016,5/18/2016,2,3098.00
Bowflex Max Trainer,Electronic - Short Form,CAM44213 dseesf14b,Web,5/16/2016,5/18/2016,1,1499.00
Bowflex Max Trainer,Electronic - Short Form,CAM45798 DSEESF14H,Web,5/16/2016,5/18/2016,2,2648.00
Bowflex Selecttech Dumbbells,Electronic - UnSourced,CAM11920 SAWWEBST,Call Center Internal,5/16/2016,5/18/2016,1,837.66
Bowflex Catalog,Electronic - UnSourced,CAM127 1800BOWFLEX_BFC,Call Center Internal,5/16/2016,5/18/2016,0,199.00
Bowflex Home Gyms,Electronic - UnSourced,CAM25756 DEGSAWBFG,Call Center Internal,5/16/2016,5/18/2016,1,2029.28
Bowflex Max Trainer,Electronic - UnSourced,CAM44236 SAWMAX,Call Center Internal,5/16/2016,5/18/2016,8,13155.98
Bowflex Max Trainer,Electronic - UnSourced,CAM44626 1800BOWFLEX_BMT,Call Center Internal,5/16/2016,5/18/2016,1,1870.99
Treadclimber,Electronic - UnSourced,CAM6025 SAWWEBTC,Call Center Internal,5/16/2016,5/18/2016,1,2029.10
Treadclimber,Electronic - UnSourced,CAM16414 DEGBFTRC,Web,5/16/2016,5/18/2016,1,3237.08
Bowflex Home Gyms,Electronic - UnSourced,CAM16616 DEGBFBHG,Web,5/16/2016,5/18/2016,0,17.98
Bowflex Selecttech Dumbbells,Electronic - UnSourced,CAM23877 degd1sitest,Web,5/16/2016,5/18/2016,4,2195.00
Treadclimber,Electronic - UnSourced,CAM23879 degt1sitetc,Web,5/16/2016,5/18/2016,1,2029.10
Bowflex Home Gyms,Electronic - UnSourced,CAM28771 degg1siteg,Web,5/16/2016,5/18/2016,6,13415.95
Bowflex Home Gyms,Electronic - UnSourced,CAM32136 deggbhg,Web,5/16/2016,5/18/2016,1,1512.99
Bowflex Selecttech Dumbbells,Electronic - UnSourced,CAM34888 degdbst,Web,5/16/2016,5/18/2016,1,349.00
Bowflex Max Trainer,Electronic - UnSourced,CAM41189 degemax,Web,5/16/2016,5/18/2016,15,23342.00
Bowflex Max Trainer,Electronic - UnSourced,CAM44433 dege1sitemx,Web,5/16/2016,5/18/2016,15,26711.00
Treadclimber,Online,CAM12351 SAWFROOGTC,Call Center Internal,5/16/2016,5/18/2016,1,2387.09
Treadclimber,Online,CAM6110 SAWGOOGTC,Call Center Internal,5/16/2016,5/18/2016,2,4978.18
Treadclimber,Online,CAM6110 SAWGOOGTC,Third Party Call Center - Evolve,5/16/2016,5/18/2016,1,1799.00
Treadclimber,Online Display,CAM45041 SAWDODSTLT,Call Center Internal,5/16/2016,5/18/2016,1,2048.08
Treadclimber,Online Display,CAM47235 SAWDODCTOT,Call Center Internal,5/16/2016,5/18/2016,1,2157.07
Bowflex Max Trainer,Online Display,CAM47239 SAWDODCTOE,Call Center Internal,5/16/2016,5/18/2016,1,1698.00
Treadclimber,Online Display,CAM38447 dodrftdl1,Web,5/16/2016,5/18/2016,1,2029.10
Bowflex Max Trainer,Online Display,CAM45910 DODADCEDL3,Web,5/16/2016,5/18/2016,1,1049.00
Bowflex Max Trainer,Online Display,CAM47251 DODCTOEDL2,Web,5/16/2016,5/18/2016,2,2807.00
Bowflex Max Trainer,Online Display,CAM49246 DODSTLEDL1,Web,5/16/2016,5/18/2016,2,3198.00
Bowflex Selecttech Dumbbells,Online Search,CAM30793 SAWDOSG2D,Call Center Internal,5/16/2016,5/18/2016,1,427.56
Bowflex Home Gyms,Online Search,CAM30796 SAWDOSG2G,Call Center Internal,5/16/2016,5/18/2016,2,1427.33
Treadclimber,Online Search,CAM32595 SAWDOSBIT,Call Center Internal,5/16/2016,5/18/2016,1,2297.08
Bowflex Selecttech Dumbbells,Online Search,CAM32596 SAWDOSBID,Call Center Internal,5/16/2016,5/18/2016,0,60.57
