Bowflex Max Trainer,CAM44435 dosg2egl1mx,4/25/2016,4/19/2016,4/18/2016,1,Online Search,Web
Bowflex Max Trainer,CAM44435 dosg2egl1mx,,4/19/2016,4/18/2016,30,Online Search,Web
Treadclimber,CAM44435 dosg2egl1mx,,4/19/2016,4/18/2016,1,Online Search,Web
Bowflex Max Trainer,CAM44436 dosg2esl2,4/19/2016,4/19/2016,4/18/2016,14,Online Search,Web
Bowflex Max Trainer,CAM44497 dosg2esl1,4/19/2016,4/19/2016,4/18/2016,18,Online Search,Web
Bowflex Max Trainer,CAM44497 dosg2esl1,4/21/2016,4/19/2016,4/18/2016,1,Online Search,Web
Bowflex Max Trainer,CAM44497 dosg2esl1,4/23/2016,4/19/2016,4/18/2016,1,Online Search,Web
Bowflex Max Trainer,CAM44497 dosg2esl1,,4/19/2016,4/18/2016,27,Online Search,Web
Treadclimber,CAM44497 dosg2esl1,,4/19/2016,4/18/2016,4,Online Search,Web
Bowflex Max Trainer,CAM44520 dosbiegl1mx,4/19/2016,4/19/2016,4/18/2016,1,Online Search,Web
Bowflex Max Trainer,CAM44520 dosbiegl1mx,,4/19/2016,4/18/2016,3,Online Search,Web
Treadclimber,CAM44520 dosbiegl1mx,,4/19/2016,4/18/2016,1,Online Search,Web
Bowflex Max Trainer,CAM44539 SAWDOSG2EMOBILE2,,4/19/2016,4/18/2016,1,Online Search,Third Party Call Center - Evolve
Treadclimber,CAM44539 SAWDOSG2EMOBILE2,,4/19/2016,4/18/2016,1,Online Search,Third Party Call Center - Evolve
Bowflex Catalog,CAM44540 dofcatcfeed1,4/19/2016,4/19/2016,4/18/2016,1,Online Shopping,Web
Bowflex Max Trainer,CAM44551 dosg2esl4,4/19/2016,4/19/2016,4/18/2016,1,Online Search,Web
Bowflex Max Trainer,CAM44560 dosg2esl5,,4/19/2016,4/18/2016,5,Online Search,Web
Bowflex Max Trainer,CAM44626 1800BOWFLEX_BMT,,4/19/2016,4/18/2016,1,Electronic - UnSourced,Call Center Internal
Bowflex Max Trainer,CAM44887 dofg2efeed1,4/19/2016,4/19/2016,4/18/2016,3,Online Shopping,Web
Bowflex Max Trainer,CAM44887 dofg2efeed1,4/23/2016,4/19/2016,4/18/2016,1,Online Shopping,Web
Bowflex Max Trainer,CAM44887 dofg2efeed1,,4/19/2016,4/18/2016,16,Online Shopping,Web
Treadclimber,CAM44887 dofg2efeed1,,4/19/2016,4/18/2016,2,Online Shopping,Web
Bowflex Max Trainer,CAM44948 dofbiefeed1,4/19/2016,4/19/2016,4/18/2016,1,Online Shopping,Web
Bowflex Max Trainer,CAM44948 dofbiefeed1,,4/19/2016,4/18/2016,4,Online Shopping,Web
Treadclimber,CAM44948 dofbiefeed1,,4/19/2016,4/18/2016,1,Online Shopping,Web
Bowflex Max Trainer,CAM44952 dosbieml1,4/19/2016,4/19/2016,4/18/2016,7,Online Search,Web
Bowflex Max Trainer,CAM44952 dosbieml1,,4/19/2016,4/18/2016,2,Online Search,Web
Treadclimber,CAM44952 dosbieml1,,4/19/2016,4/18/2016,1,Online Search,Web
Bowflex Max Trainer,CAM45009 dosg2eml1,4/19/2016,4/19/2016,4/18/2016,14,Online Search,Web
Bowflex Max Trainer,CAM45009 dosg2eml1,,4/19/2016,4/18/2016,26,Online Search,Web
Bowflex Max Trainer,CAM45043 SAWDOFG2E,,4/19/2016,4/18/2016,2,Online Shopping,Call Center Internal
Treadclimber,CAM45043 SAWDOFG2E,,4/19/2016,4/18/2016,1,Online Shopping,Call Center Internal
Bowflex Max Trainer,CAM45327 1800MAXTRAINER,4/19/2016,4/19/2016,4/18/2016,2,Un-Sourced,Call Center Internal
Bowflex Max Trainer,CAM45327 1800MAXTRAINER,,4/19/2016,4/18/2016,3,Un-Sourced,Call Center Internal
Treadclimber,CAM45327 1800MAXTRAINER,,4/19/2016,4/18/2016,2,Un-Sourced,Call Center Internal
Bowflex Max Trainer,CAM45387 DSEESF14E,4/19/2016,4/19/2016,4/18/2016,5,Electronic - Short Form,Web
Bowflex Max Trainer,CAM45388 DSEESF14F,4/19/2016,4/19/2016,4/18/2016,11,Electronic - Short Form,Web
Treadclimber,CAM45437 ICAOFG2TFEED1,,4/19/2016,4/18/2016,1,Online Shopping,Call Center Internal
Bowflex Max Trainer,CAM45729 DOSG2ESL6,,4/19/2016,4/18/2016,2,Online Search,Web
Bowflex Max Trainer,CAM45730 DOSG2ESL7,4/19/2016,4/19/2016,4/18/2016,1,Online Search,Web
Bowflex Max Trainer,CAM45730 DOSG2ESL7,,4/19/2016,4/18/2016,7,Online Search,Web
Treadclimber,CAM45730 DOSG2ESL7,,4/19/2016,4/18/2016,1,Online Search,Web
Bowflex Max Trainer,CAM45736 DODRFEDL3,4/19/2016,4/19/2016,4/18/2016,1,Online Display,Web
Bowflex Max Trainer,CAM45798 DSEESF14H,4/19/2016,4/19/2016,4/18/2016,12,Electronic - Short Form,Web
Bowflex Max Trainer,CAM45798 DSEESF14H,,4/19/2016,4/18/2016,4,Electronic - Short Form,Web
Bowflex Max Trainer,CAM45800 DSEESF14J,4/19/2016,4/19/2016,4/18/2016,1,Electronic - Short Form,Web
Treadclimber,CAM45852 DOSG2TSL32,4/19/2016,4/19/2016,4/18/2016,7,Online Search,Web
Treadclimber,CAM45852 DOSG2TSL32,4/28/2016,4/19/2016,4/18/2016,1,Online Search,Web
Bowflex Max Trainer,CAM45898 DOXFBERESPONSE,,4/19/2016,4/18/2016,1,Online Social,Call Center Internal
Bowflex Max Trainer,CAM45898 DOXFBERESPONSE,4/19/2016,4/19/2016,4/18/2016,5,Online Social,Web
Bowflex Max Trainer,CAM45898 DOXFBERESPONSE,,4/19/2016,4/18/2016,3,Online Social,Web
Bowflex Max Trainer,CAM47150 DOSG2ESL9,4/19/2016,4/19/2016,4/18/2016,7,Online Search,Web
Bowflex Max Trainer,CAM47150 DOSG2ESL9,,4/19/2016,4/18/2016,6,Online Search,Web
Treadclimber,CAM47150 DOSG2ESL9,,4/19/2016,4/18/2016,1,Online Search,Web
Bowflex Max Trainer,CAM47151 DOSG2EML2,4/19/2016,4/19/2016,4/18/2016,9,Online Search,Web
Bowflex Max Trainer,CAM47151 DOSG2EML2,,4/19/2016,4/18/2016,6,Online Search,Web
Bowflex Max Trainer,CAM47152 DOSBIESL8,,4/19/2016,4/18/2016,3,Online Search,Web
Treadclimber,CAM47171 DOXFBTGL1,,4/19/2016,4/18/2016,1,Online Social,Call Center Internal
Bowflex Max Trainer,CAM47172 DOXFBEGL1,,4/19/2016,4/18/2016,1,Online Social,Web
Treadclimber,CAM47172 DOXFBEGL1,,4/19/2016,4/18/2016,1,Online Social,Web
Bowflex Selecttech Dumbbells,CAM47173 DOXFBDGL1,,4/19/2016,4/18/2016,2,Online Social,Web
Bowflex Home Gyms,CAM47175 DOXFBGGL1,4/19/2016,4/19/2016,4/18/2016,1,Online Social,Web
Treadclimber,CAM47235 SAWDODCTOT,4/19/2016,4/19/2016,4/18/2016,1,Online Display,Third Party Call Center - Evolve
Bowflex Max Trainer,CAM47239 SAWDODCTOE,4/19/2016,4/19/2016,4/18/2016,1,Online Display,Call Center Internal
Bowflex Max Trainer,CAM47239 SAWDODCTOE,,4/19/2016,4/18/2016,1,Online Display,Call Center Internal
Treadclimber,CAM47251 DODCTOEDL2,,4/19/2016,4/18/2016,1,Online Display,Call Center Internal
Bowflex Max Trainer,CAM47251 DODCTOEDL2,4/19/2016,4/19/2016,4/18/2016,8,Online Display,Web
Bowflex Max Trainer,CAM47251 DODCTOEDL2,,4/19/2016,4/18/2016,16,Online Display,Web
Bowflex Selecttech Dumbbells,CAM47254 DODCTOTDL1,,4/19/2016,4/18/2016,1,Online Display,Web
Treadclimber,CAM47254 DODCTOTDL1,,4/19/2016,4/18/2016,3,Online Display,Web
Bowflex Home Gyms,CAM47260 DODCTOGDL1,4/19/2016,4/19/2016,4/18/2016,1,Online Display,Web
Bowflex Selecttech Dumbbells,CAM47267 DODCTODDL2,,4/19/2016,4/18/2016,1,Online Display,Web
Bowflex Catalog,CAM47779 DCBHOMESUMOFFR15,4/19/2016,4/19/2016,4/18/2016,1,Catalog,Web
Bowflex Catalog,CAM47779 DCBHOMESUMOFFR15,,4/19/2016,4/18/2016,2,Catalog,Web
Bowflex Home Gyms,CAM47779 DCBHOMESUMOFFR15,,4/19/2016,4/18/2016,1,Catalog,Web
Bowflex Catalog,CAM48037 DCBHOMEFALOFFR15,4/19/2016,4/19/2016,4/18/2016,1,Catalog,Web
Treadclimber,CAM48177 P1115WEBMDDCOLBDY,4/19/2016,4/19/2016,4/18/2016,1,Print,Call Center Internal
Treadclimber,CAM48184 DOXFBTSCODE001,4/19/2016,4/19/2016,4/18/2016,1,Online Social,Web
Treadclimber,CAM48185 DOXFBTSCODE002,4/19/2016,4/19/2016,4/18/2016,1,Online Social,Web
Treadclimber,CAM48185 DOXFBTSCODE002,,4/19/2016,4/18/2016,14,Online Social,Web
Treadclimber,CAM48186 DOXFBTSCODE003,4/19/2016,4/19/2016,4/18/2016,4,Online Social,Web
Treadclimber,CAM48186 DOXFBTSCODE003,,4/19/2016,4/18/2016,6,Online Social,Web
Treadclimber,CAM48188 DOXFBTSCODE005,4/19/2016,4/19/2016,4/18/2016,2,Online Social,Web
Bowflex Max Trainer,CAM48200 SAWDOXFBESCODE,4/19/2016,4/19/2016,4/18/2016,1,Online Social,Call Center Internal
Bowflex Max Trainer,CAM48201 DOXFBESCODE001,,4/19/2016,4/18/2016,1,Online Social,Web
Bowflex Max Trainer,CAM48202 DOXFBESCODE002,4/19/2016,4/19/2016,4/18/2016,5,Online Social,Web
Bowflex Max Trainer,CAM48202 DOXFBESCODE002,,4/19/2016,4/18/2016,17,Online Social,Web
Treadclimber,CAM48202 DOXFBESCODE002,,4/19/2016,4/18/2016,1,Online Social,Web
Bowflex Max Trainer,CAM48203 DOXFBESCODE003,4/19/2016,4/19/2016,4/18/2016,5,Online Social,Web
Bowflex Max Trainer,CAM48203 DOXFBESCODE003,,4/19/2016,4/18/2016,5,Online Social,Web
Bowflex Max Trainer,CAM48205 DOXFBESCODE005,4/19/2016,4/19/2016,4/18/2016,9,Online Social,Web
Bowflex Max Trainer,CAM48205 DOXFBESCODE005,,4/19/2016,4/18/2016,7,Online Social,Web
Bowflex Home Gyms,CAM48206 SAWDOXFBDSCODE,,4/19/2016,4/18/2016,1,Online Social,Call Center Internal
Bowflex Selecttech Dumbbells,CAM48206 SAWDOXFBDSCODE,,4/19/2016,4/18/2016,1,Online Social,Call Center Internal
Bowflex Home Gyms,CAM48208 DOXFBDSCODE002,,4/19/2016,4/18/2016,1,Online Social,Web
Bowflex Selecttech Dumbbells,CAM48208 DOXFBDSCODE002,,4/19/2016,4/18/2016,2,Online Social,Web
Bowflex Selecttech Dumbbells,CAM48209 DOXFBDSCODE003,4/19/2016,4/19/2016,4/18/2016,4,Online Social,Web
Bowflex Selecttech Dumbbells,CAM48209 DOXFBDSCODE003,,4/19/2016,4/18/2016,7,Online Social,Web
Bowflex Selecttech Dumbbells,CAM48210 DOXFBDSCODE004,4/19/2016,4/19/2016,4/18/2016,1,Online Social,Web
Bowflex Home Gyms,CAM48217 DOXFBGSCODE005,,4/19/2016,4/18/2016,1,Online Social,Web
Bowflex Max Trainer,CAM48302 ION*N120JACKDTIC,4/19/2016,4/19/2016,4/18/2016,1,Short Form,Third Party Call Center - Evolve
Bowflex Max Trainer,CAM48497 ION*N120HKINGTIC,,4/19/2016,4/18/2016,1,Short Form,Call Center Internal
Treadclimber,CAM48497 ION*N120HKINGTIC,4/19/2016,4/19/2016,4/18/2016,1,Short Form,Call Center Internal
Treadclimber,CAM48497 ION*N120HKINGTIC,,4/19/2016,4/18/2016,1,Short Form,Call Center Internal
Treadclimber,CAM48498 INSPN120HKINGTIC,4/19/2016,4/19/2016,4/18/2016,4,Short Form,Call Center Internal
Treadclimber,CAM48498 INSPN120HKINGTIC,,4/19/2016,4/18/2016,1,Short Form,Call Center Internal
Treadclimber,CAM48499 SPKEN120HKINGTIC,4/19/2016,4/19/2016,4/18/2016,1,Short Form,Call Center Internal
Treadclimber,CAM48501 METVN120HKINGTIC,4/19/2016,4/19/2016,4/18/2016,6,Short Form,Call Center Internal
Treadclimber,CAM48501 METVN120HKINGTIC,,4/19/2016,4/18/2016,2,Short Form,Call Center Internal
Treadclimber,CAM48501 METVN120HKINGTIC,4/19/2016,4/19/2016,4/18/2016,2,Short Form,Third Party Call Center - Evolve
Treadclimber,CAM48501 METVN120HKINGTIC,4/19/2016,4/19/2016,4/18/2016,3,Short Form,Third Party Call Center - West
Treadclimber,CAM48507 GAMEN120HKINGTIC,4/19/2016,4/19/2016,4/18/2016,1,Short Form,Call Center Internal
Treadclimber,CAM48507 GAMEN120HKINGTIC,,4/19/2016,4/18/2016,1,Short Form,Call Center Internal
Bowflex Max Trainer,CAM48509 DCADN120HKINGTIC,,4/19/2016,4/18/2016,1,Short Form,Call Center Internal
Treadclimber,CAM48509 DCADN120HKINGTIC,4/19/2016,4/19/2016,4/18/2016,1,Short Form,Call Center Internal
Treadclimber,CAM48509 DCADN120HKINGTIC,,4/19/2016,4/18/2016,1,Short Form,Call Center Internal
Treadclimber,CAM48514 DISEN60*HKINGTIC,,4/19/2016,4/18/2016,1,Short Form,Call Center Internal
Treadclimber,CAM48517 LMN*N60*HKINGTIC,4/19/2016,4/19/2016,4/18/2016,3,Short Form,Call Center Internal
Treadclimber,CAM48518 INSPN180HKINGTIC,4/19/2016,4/19/2016,4/18/2016,6,Short Form,Call Center Internal
Treadclimber,CAM48518 INSPN180HKINGTIC,,4/19/2016,4/18/2016,1,Short Form,Call Center Internal
Treadclimber,CAM48518 INSPN180HKINGTIC,4/19/2016,4/19/2016,4/18/2016,2,Short Form,Third Party Call Center - Evolve
Treadclimber,CAM48518 INSPN180HKINGTIC,4/19/2016,4/19/2016,4/18/2016,4,Short Form,Third Party Call Center - West
Treadclimber,CAM48520 DLFEN180HKINGTIC,4/19/2016,4/19/2016,4/18/2016,1,Short Form,Call Center Internal
Treadclimber,CAM48520 DLFEN180HKINGTIC,,4/19/2016,4/18/2016,1,Short Form,Call Center Internal
Treadclimber,CAM48521 HMM*N180HKINGTIC,4/19/2016,4/19/2016,4/18/2016,1,Short Form,Call Center Internal
Bowflex Max Trainer,CAM48728 MX10P60*J14FSTIC,4/19/2016,4/19/2016,4/18/2016,8,Short Form,Third Party Call Center - West
Bowflex Max Trainer,CAM48740 MX22P60*J14FSTIC,4/19/2016,4/19/2016,4/18/2016,1,Short Form,Third Party Call Center - West
Bowflex Max Trainer,CAM48745 SUNDN120J14FSTIC,4/19/2016,4/19/2016,4/18/2016,3,Short Form,Call Center Internal
Bowflex Max Trainer,CAM48745 SUNDN120J14FSTIC,,4/19/2016,4/18/2016,1,Short Form,Call Center Internal
Bowflex Max Trainer,CAM48748 SPKEN120J14FSTIC,,4/19/2016,4/18/2016,1,Short Form,Call Center Internal
Bowflex Max Trainer,CAM48750 IFC*N120J14FSTIC,4/19/2016,4/19/2016,4/18/2016,4,Short Form,Call Center Internal
Bowflex Max Trainer,CAM48751 ION*N120J14FSTIC,4/19/2016,4/19/2016,4/18/2016,10,Short Form,Call Center Internal
Bowflex Max Trainer,CAM48751 ION*N120J14FSTIC,,4/19/2016,4/18/2016,2,Short Form,Call Center Internal
Treadclimber,CAM48751 ION*N120J14FSTIC,,4/19/2016,4/18/2016,2,Short Form,Call Center Internal
Bowflex Max Trainer,CAM48753 RELZN120J14FSTIC,4/19/2016,4/19/2016,4/18/2016,4,Short Form,Call Center Internal
Treadclimber,CAM48753 RELZN120J14FSTIC,,4/19/2016,4/18/2016,1,Short Form,Call Center Internal
Bowflex Max Trainer,CAM48754 JUSTN120J14FSTIC,4/19/2016,4/19/2016,4/18/2016,3,Short Form,Call Center Internal
Bowflex Max Trainer,CAM48754 JUSTN120J14FSTIC,4/19/2016,4/19/2016,4/18/2016,2,Short Form,Third Party Call Center - Evolve
Bowflex Max Trainer,CAM48755 GRITN120J14FSTIC,4/19/2016,4/19/2016,4/18/2016,15,Short Form,Call Center Internal
Bowflex Max Trainer,CAM48755 GRITN120J14FSTIC,,4/19/2016,4/18/2016,1,Short Form,Call Center Internal
Bowflex Max Trainer,CAM48755 GRITN120J14FSTIC,4/19/2016,4/19/2016,4/18/2016,1,Short Form,Third Party Call Center - Evolve
Bowflex Max Trainer,CAM48761 EREYN120J14FSTIC,4/19/2016,4/19/2016,4/18/2016,1,Short Form,Call Center Internal
Bowflex Max Trainer,CAM48761 EREYN120J14FSTIC,4/19/2016,4/19/2016,4/18/2016,2,Short Form,Third Party Call Center - Evolve
Bowflex Max Trainer,CAM48775 SUNDN180JACFSTIC,4/19/2016,4/19/2016,4/18/2016,1,Short Form,Call Center Internal
Bowflex Max Trainer,CAM48777 VH1CN180JACFSTIC,4/19/2016,4/19/2016,4/18/2016,2,Short Form,Call Center Internal
Bowflex Max Trainer,CAM48778 DTVSN60*J14FSTIC,4/19/2016,4/19/2016,4/18/2016,1,Short Form,Call Center Internal
Bowflex Max Trainer,CAM48779 DISMN60*J14FSTIC,4/19/2016,4/19/2016,4/18/2016,1,Short Form,Call Center Internal
Bowflex Max Trainer,CAM48779 DISMN60*J14FSTIC,,4/19/2016,4/18/2016,2,Short Form,Call Center Internal
Bowflex Max Trainer,CAM48791 IFC*N5MNHAMFSTIC,4/19/2016,4/19/2016,4/18/2016,2,Short Form,Call Center Internal
Treadclimber,CAM48791 IFC*N5MNHAMFSTIC,,4/19/2016,4/18/2016,1,Short Form,Call Center Internal
Bowflex Max Trainer,CAM48793 HERON5MNHAMFSTIC,4/19/2016,4/19/2016,4/18/2016,7,Short Form,Call Center Internal
Bowflex Max Trainer,CAM48793 HERON5MNHAMFSTIC,4/19/2016,4/19/2016,4/18/2016,1,Short Form,Third Party Call Center - Evolve
Bowflex Max Trainer,CAM48793 HERON5MNHAMFSTIC,5/3/2016,4/19/2016,4/18/2016,1,Short Form,Third Party Call Center - Evolve
Bowflex Max Trainer,CAM48796 DESTN5MNHAMFSTIC,4/19/2016,4/19/2016,4/18/2016,4,Short Form,Third Party Call Center - Evolve
Treadclimber,CAM48810 BLAZN120HKINGTIC,4/19/2016,4/19/2016,4/18/2016,1,Short Form,Call Center Internal
Bowflex Max Trainer,CAM48876 DSEESF15A,4/19/2016,4/19/2016,4/18/2016,12,Electronic - Short Form,Web
Bowflex Max Trainer,CAM48876 DSEESF15A,,4/19/2016,4/18/2016,2,Electronic - Short Form,Web
Bowflex Catalog,CAM48920 DCBHOMEWIN16,4/19/2016,4/19/2016,4/18/2016,2,Catalog,Web
Bowflex Catalog,CAM48920 DCBHOMEWIN16,,4/19/2016,4/18/2016,9,Catalog,Web
Bowflex Max Trainer,CAM48920 DCBHOMEWIN16,,4/19/2016,4/18/2016,4,Catalog,Web
Treadclimber,CAM48927 DODSTLTDL7,4/19/2016,4/19/2016,4/18/2016,1,Online Display,Web
Treadclimber,CAM48928 DODSTLTDL8,4/19/2016,4/19/2016,4/18/2016,1,Online Display,Web
Treadclimber,CAM48973 DOFG2TFEED2,,4/19/2016,4/18/2016,1,Online Shopping,Web
Treadclimber,CAM48975 DOFG2EFEED2,,4/19/2016,4/18/2016,1,Online Shopping,Call Center Internal
Bowflex Max Trainer,CAM48975 DOFG2EFEED2,4/19/2016,4/19/2016,4/18/2016,1,Online Shopping,Web
Bowflex Max Trainer,CAM48975 DOFG2EFEED2,,4/19/2016,4/18/2016,13,Online Shopping,Web
Bowflex Home Gyms,CAM48977 DOFG2GFEED2,,4/19/2016,4/18/2016,1,Online Shopping,Web
Bowflex Selecttech Dumbbells,CAM48979 DOFG2DFEED2,4/19/2016,4/19/2016,4/18/2016,1,Online Shopping,Web
Bowflex Max Trainer,CAM48984 DOSG2ESL11,4/19/2016,4/19/2016,4/18/2016,1,Online Search,Web
Bowflex Max Trainer,CAM48984 DOSG2ESL11,,4/19/2016,4/18/2016,1,Online Search,Web
Bowflex Max Trainer,CAM49147 MX31P60*J14FSTIC,4/19/2016,4/19/2016,4/18/2016,1,Short Form,Third Party Call Center - West
Bowflex Max Trainer,CAM49156 FOXNN120J14FSTIC,4/19/2016,4/19/2016,4/18/2016,2,Short Form,Third Party Call Center - Evolve
Bowflex Max Trainer,CAM49203 P0516WEWATFPAW,4/19/2016,4/19/2016,4/18/2016,1,Print,Call Center Internal
Bowflex Max Trainer,CAM49221 PURSN120J14FSTIC,4/19/2016,4/19/2016,4/18/2016,2,Short Form,Call Center Internal
Bowflex Max Trainer,CAM49224 LAFFN5MNHAMFSTIC,4/19/2016,4/19/2016,4/18/2016,1,Short Form,Third Party Call Center - Evolve
Bowflex Home Gyms,CAM49226 HMM*N120WMN16TIC,,4/19/2016,4/18/2016,1,Short Form,Call Center Internal
Bowflex Selecttech Dumbbells,CAM49226 HMM*N120WMN16TIC,,4/19/2016,4/18/2016,1,Short Form,Call Center Internal
Treadclimber,CAM49226 HMM*N120WMN16TIC,4/19/2016,4/19/2016,4/18/2016,7,Short Form,Call Center Internal
Treadclimber,CAM49228 INSPN120BOO16TIC,4/19/2016,4/19/2016,4/18/2016,5,Short Form,Call Center Internal
Treadclimber,CAM49229 METVN120BOO16TIC,4/19/2016,4/19/2016,4/18/2016,7,Short Form,Call Center Internal
Treadclimber,CAM49229 METVN120BOO16TIC,,4/19/2016,4/18/2016,1,Short Form,Call Center Internal
Treadclimber,CAM49229 METVN120BOO16TIC,4/19/2016,4/19/2016,4/18/2016,2,Short Form,Third Party Call Center - West
Treadclimber,CAM49232 DCADN120BOO16TIC,4/19/2016,4/19/2016,4/18/2016,1,Short Form,Call Center Internal
Treadclimber,CAM49233 TESCN120WMN16TIC,4/19/2016,4/19/2016,4/18/2016,1,Short Form,Call Center Internal
Treadclimber,CAM49233 TESCN120WMN16TIC,4/19/2016,4/19/2016,4/18/2016,1,Short Form,Third Party Call Center - Evolve
Treadclimber,CAM49237 MOVSN120BOO16TIC,4/19/2016,4/19/2016,4/18/2016,2,Short Form,Call Center Internal
Treadclimber,CAM49237 MOVSN120BOO16TIC,,4/19/2016,4/18/2016,1,Short Form,Call Center Internal
Bowflex Max Trainer,CAM49246 DODSTLEDL1,4/19/2016,4/19/2016,4/18/2016,1,Online Display,Web
Bowflex Max Trainer,CAM49292 DSETSF16A,,4/19/2016,4/18/2016,1,Electronic - Short Form,Call Center Internal
Treadclimber,CAM49292 DSETSF16A,4/19/2016,4/19/2016,4/18/2016,26,Electronic - Short Form,Web
Treadclimber,CAM49293 DSETSF16B,4/19/2016,4/19/2016,4/18/2016,7,Electronic - Short Form,Web
Treadclimber,CAM49293 DSETSF16B,5/2/2016,4/19/2016,4/18/2016,1,Electronic - Short Form,Web
Bowflex Max Trainer,CAM49296 DSEESF16B,,4/19/2016,4/18/2016,1,Electronic - Short Form,Call Center Internal
Bowflex Max Trainer,CAM49296 DSEESF16B,4/19/2016,4/19/2016,4/18/2016,4,Electronic - Short Form,Web
Bowflex Max Trainer,CAM49296 DSEESF16B,,4/19/2016,4/18/2016,2,Electronic - Short Form,Web
Treadclimber,CAM49331 DOXFBTSCODEMOM16,4/19/2016,4/19/2016,4/18/2016,1,Online Social,Web
Treadclimber,CAM49331 DOXFBTSCODEMOM16,,4/19/2016,4/18/2016,4,Online Social,Web
Bowflex Revolution,CAM6025 SAWWEBTC,,4/19/2016,4/18/2016,1,Electronic - UnSourced,Call Center Internal
Bowflex Selecttech Dumbbells,CAM6025 SAWWEBTC,,4/19/2016,4/18/2016,1,Electronic - UnSourced,Call Center Internal
Treadclimber,CAM6025 SAWWEBTC,,4/19/2016,4/18/2016,1,Electronic - UnSourced,Call Center Internal
Treadclimber,CAM6110 SAWGOOGTC,,4/19/2016,4/18/2016,1,Online,Call Center Internal
Bowflex Selecttech Dumbbells,CAM11920 SAWWEBST,,4/20/2016,4/18/2016,4,Electronic - UnSourced,Call Center Internal
Treadclimber,CAM16414 DEGBFTRC,4/20/2016,4/20/2016,4/18/2016,9,Electronic - UnSourced,Web
Treadclimber,CAM16414 DEGBFTRC,4/23/2016,4/20/2016,4/18/2016,1,Electronic - UnSourced,Web
Treadclimber,CAM16414 DEGBFTRC,,4/20/2016,4/18/2016,8,Electronic - UnSourced,Web
Treadclimber,CAM16426 DSETDIR,4/20/2016,4/20/2016,4/18/2016,12,Electronic - Short Form,Web
Treadclimber,CAM16426 DSETDIR,,4/20/2016,4/18/2016,2,Electronic - Short Form,Web
Bowflex Home Gyms,CAM16616 DEGBFBHG,,4/20/2016,4/18/2016,1,Electronic - UnSourced,Web
Bowflex Catalog,CAM23584 degcfootlinkbf,4/20/2016,4/20/2016,4/18/2016,1,Electronic - UnSourced,Web
Bowflex Catalog,CAM23587 degcfootlinktc,4/20/2016,4/20/2016,4/18/2016,7,Electronic - UnSourced,Web
Bowflex Selecttech Dumbbells,CAM23877 degd1sitest,4/20/2016,4/20/2016,4/18/2016,1,Electronic - UnSourced,Web
Bowflex Selecttech Dumbbells,CAM23877 degd1sitest,,4/20/2016,4/18/2016,16,Electronic - UnSourced,Web
Treadclimber,CAM23879 degt1sitetc,4/20/2016,4/20/2016,4/18/2016,3,Electronic - UnSourced,Web
Treadclimber,CAM23879 degt1sitetc,,4/20/2016,4/18/2016,4,Electronic - UnSourced,Web
Bowflex Home Gyms,CAM25756 DEGSAWBFG,4/20/2016,4/20/2016,4/18/2016,1,Electronic - UnSourced,Call Center Internal
Bowflex Home Gyms,CAM25756 DEGSAWBFG,,4/20/2016,4/18/2016,1,Electronic - UnSourced,Call Center Internal
Bowflex Home Gyms,CAM27401 DEFAULTADID,,4/20/2016,4/18/2016,1,Electronic - Short Form,Call Center Internal
Bowflex Home Gyms,CAM28157 SALESFOLLOWUP,,4/20/2016,4/18/2016,4,Un-Sourced,Call Center Internal
Bowflex Selecttech Dumbbells,CAM28157 SALESFOLLOWUP,,4/20/2016,4/18/2016,1,Un-Sourced,Call Center Internal
Bowflex Home Gyms,CAM28771 degg1siteg,,4/20/2016,4/18/2016,3,Electronic - UnSourced,Web
Bowflex Revolution,CAM28771 degg1siteg,,4/20/2016,4/18/2016,1,Electronic - UnSourced,Web
Treadclimber,CAM28771 degg1siteg,,4/20/2016,4/18/2016,1,Electronic - UnSourced,Web
Bowflex Home Gyms,CAM30755 dosg2gsl1,4/20/2016,4/20/2016,4/18/2016,1,Online Search,Web
Bowflex Home Gyms,CAM30755 dosg2gsl1,,4/20/2016,4/18/2016,1,Online Search,Web
Bowflex Selecttech Dumbbells,CAM30793 SAWDOSG2D,,4/20/2016,4/18/2016,2,Online Search,Call Center Internal
Bowflex Home Gyms,CAM30796 SAWDOSG2G,,4/20/2016,4/18/2016,3,Online Search,Call Center Internal
Treadclimber,CAM30796 SAWDOSG2G,,4/20/2016,4/18/2016,1,Online Search,Call Center Internal
Bowflex Home Gyms,CAM31080 dosg2ggl1bf,,4/20/2016,4/18/2016,4,Online Search,Web
Bowflex Revolution,CAM31080 dosg2ggl1bf,,4/20/2016,4/18/2016,2,Online Search,Web
Treadclimber,CAM31082 dosg2tgl1tc,4/20/2016,4/20/2016,4/18/2016,1,Online Search,Web
Treadclimber,CAM31082 dosg2tgl1tc,,4/20/2016,4/18/2016,5,Online Search,Web
Bowflex Selecttech Dumbbells,CAM32061 dofg2dfeed1,,4/20/2016,4/18/2016,1,Online Shopping,Web
Bowflex Home Gyms,CAM32062 dofg2gfeed1,,4/20/2016,4/18/2016,1,Online Shopping,Web
Treadclimber,CAM32123 dofg2tfeed1,4/20/2016,4/20/2016,4/18/2016,1,Online Shopping,Web
Bowflex Home Gyms,CAM32136 deggbhg,4/20/2016,4/20/2016,4/18/2016,3,Electronic - UnSourced,Web
Bowflex Home Gyms,CAM32136 deggbhg,,4/20/2016,4/18/2016,6,Electronic - UnSourced,Web
Bowflex Revolution,CAM32136 deggbhg,,4/20/2016,4/18/2016,1,Electronic - UnSourced,Web
Bowflex Catalog,CAM32376 dosg2csl1,,4/20/2016,4/18/2016,1,Online Search,Web
Treadclimber,CAM32595 SAWDOSBIT,,4/20/2016,4/18/2016,4,Online Search,Call Center Internal
Bowflex Selecttech Dumbbells,CAM32596 SAWDOSBID,,4/20/2016,4/18/2016,1,Online Search,Call Center Internal
Bowflex Selecttech Dumbbells,CAM32678 dosg2dgl1st,,4/20/2016,4/18/2016,6,Online Search,Web
Treadclimber,CAM33117 dosg2tmobile,4/20/2016,4/20/2016,4/18/2016,9,Online Search,Web
Treadclimber,CAM33117 dosg2tmobile,,4/20/2016,4/18/2016,1,Online Search,Web
Bowflex Catalog,CAM33966 dofg2cfeed1,4/20/2016,4/20/2016,4/18/2016,1,Online Shopping,Web
Bowflex Catalog,CAM33966 dofg2cfeed1,,4/20/2016,4/18/2016,5,Online Shopping,Web
Bowflex Home Gyms,CAM33966 dofg2cfeed1,,4/20/2016,4/18/2016,3,Online Shopping,Web
Bowflex Selecttech Dumbbells,CAM34888 degdbst,4/20/2016,4/20/2016,4/18/2016,2,Electronic - UnSourced,Web
Bowflex Selecttech Dumbbells,CAM34888 degdbst,,4/20/2016,4/18/2016,5,Electronic - UnSourced,Web
Bowflex Home Gyms,CAM36104 SAWSF11E,,4/20/2016,4/18/2016,1,Electronic - Short Form,Call Center Internal
Bowflex Revolution,CAM36104 SAWSF11E,,4/20/2016,4/18/2016,1,Electronic - Short Form,Call Center Internal
Treadclimber,CAM36104 SAWSF11E,,4/20/2016,4/18/2016,2,Electronic - Short Form,Call Center Internal
Treadclimber,CAM36194 dosg2tsl1,,4/20/2016,4/18/2016,1,Online Search,Web
Treadclimber,CAM36298 dsetsf11g,4/20/2016,4/20/2016,4/18/2016,28,Electronic - Short Form,Web
Treadclimber,CAM36298 dsetsf11g,,4/20/2016,4/18/2016,3,Electronic - Short Form,Web
Treadclimber,CAM36605 SAWSF12A,4/20/2016,4/20/2016,4/18/2016,1,Electronic - Short Form,Call Center Internal
Treadclimber,CAM36608 dsetsf12a,4/20/2016,4/20/2016,4/18/2016,46,Electronic - Short Form,Web
Treadclimber,CAM36608 dsetsf12a,,4/20/2016,4/18/2016,3,Electronic - Short Form,Web
Treadclimber,CAM36797 dpetprint12a,,4/20/2016,4/18/2016,1,Electronic - Print,Web
Treadclimber,CAM36885 dosbitsl2,,4/20/2016,4/18/2016,1,Online Search,Web
Treadclimber,CAM36923 dpetprint12b,4/20/2016,4/20/2016,4/18/2016,1,Electronic - Print,Web
Bowflex Selecttech Dumbbells,CAM37428 dosg2dsl14,,4/20/2016,4/18/2016,2,Online Search,Web
Treadclimber,CAM37440 dosg2tsl21,4/20/2016,4/20/2016,4/18/2016,8,Online Search,Web
Treadclimber,CAM37440 dosg2tsl21,,4/20/2016,4/18/2016,14,Online Search,Web
Treadclimber,CAM37443 dosg2tsl24,4/20/2016,4/20/2016,4/18/2016,2,Online Search,Web
Treadclimber,CAM37443 dosg2tsl24,,4/20/2016,4/18/2016,1,Online Search,Web
Treadclimber,CAM37492 dosbitsl5,4/20/2016,4/20/2016,4/18/2016,1,Online Search,Web
Treadclimber,CAM37579 dpetprint12e,4/20/2016,4/20/2016,4/18/2016,1,Electronic - Print,Web
Treadclimber,CAM37655 dosbitsl10,,4/20/2016,4/18/2016,5,Online Search,Web
Bowflex Selecttech Dumbbells,CAM37741 dosbidsl9,,4/20/2016,4/18/2016,2,Online Search,Web
Treadclimber,CAM38405 dpetprint12g,4/20/2016,4/20/2016,4/18/2016,1,Electronic - Print,Web
Treadclimber,CAM38406 SAWDPETPRINT12F,,4/20/2016,4/18/2016,2,Electronic - Print,Call Center Internal
Treadclimber,CAM38447 dodrftdl1,4/20/2016,4/20/2016,4/18/2016,1,Online Display,Web
Treadclimber,CAM38842 dosg2tsl27,4/20/2016,4/20/2016,4/18/2016,6,Online Search,Web
Bowflex Selecttech Dumbbells,CAM39081 dodrfddl1,,4/20/2016,4/18/2016,1,Online Display,Web
Bowflex Home Gyms,CAM39082 dodrfgdl1,4/20/2016,4/20/2016,4/18/2016,1,Online Display,Web
Bowflex Selecttech Dumbbells,CAM39439 dosbidgl1st,,4/20/2016,4/18/2016,1,Online Search,Web
Bowflex Home Gyms,CAM39440 dosbiggl1bf,,4/20/2016,4/18/2016,2,Online Search,Web
Treadclimber,CAM39442 dosbitgl1tc,,4/20/2016,4/18/2016,2,Online Search,Web
Bowflex Catalog,CAM40820 1800BFXCATALOG,4/20/2016,4/20/2016,4/18/2016,2,Un-Sourced,Call Center Internal
Bowflex Home Gyms,CAM40821 1800BOWFLEX,4/20/2016,4/20/2016,4/18/2016,1,Un-Sourced,Call Center Internal
Bowflex Home Gyms,CAM40821 1800BOWFLEX,,4/20/2016,4/18/2016,3,Un-Sourced,Call Center Internal
Treadclimber,CAM40825 1800TREADCLIMBER,4/20/2016,4/20/2016,4/18/2016,1,Un-Sourced,Call Center Internal
Bowflex Max Trainer,CAM41189 degemax,4/20/2016,4/20/2016,4/18/2016,25,Electronic - UnSourced,Web
Bowflex Max Trainer,CAM41189 degemax,,4/20/2016,4/18/2016,44,Electronic - UnSourced,Web
Treadclimber,CAM41189 degemax,,4/20/2016,4/18/2016,3,Electronic - UnSourced,Web
Treadclimber,CAM43666 dosg2tmobile4,4/20/2016,4/20/2016,4/18/2016,9,Online Search,Web
Treadclimber,CAM43666 dosg2tmobile4,,4/20/2016,4/18/2016,9,Online Search,Web
Treadclimber,CAM43683 dosbitsl14,4/20/2016,4/20/2016,4/18/2016,2,Online Search,Web
Treadclimber,CAM43804 dosg2tmobile6,4/20/2016,4/20/2016,4/18/2016,6,Online Search,Web
Treadclimber,CAM43804 dosg2tmobile6,,4/20/2016,4/18/2016,1,Online Search,Web
Treadclimber,CAM44065 SAWDOSG2TMOBILE2,,4/20/2016,4/18/2016,1,Online Search,Call Center Internal
Treadclimber,CAM44065 SAWDOSG2TMOBILE2,4/20/2016,4/20/2016,4/18/2016,1,Online Search,Third Party Call Center - Evolve
Treadclimber,CAM44108 dosbitsl13,4/20/2016,4/20/2016,4/18/2016,5,Online Search,Web
Bowflex Max Trainer,CAM44172 dseesf14a,4/20/2016,4/20/2016,4/18/2016,30,Electronic - Short Form,Web
Bowflex Max Trainer,CAM44172 dseesf14a,4/30/2016,4/20/2016,4/18/2016,1,Electronic - Short Form,Web
Bowflex Max Trainer,CAM44172 dseesf14a,,4/20/2016,4/18/2016,7,Electronic - Short Form,Web
Bowflex Max Trainer,CAM44191 dseesf14d,4/20/2016,4/20/2016,4/18/2016,7,Electronic - Short Form,Web
Bowflex Max Trainer,CAM44191 dseesf14d,,4/20/2016,4/18/2016,1,Electronic - Short Form,Web
Bowflex Max Trainer,CAM44215 SAWDSEESF14A,,4/20/2016,4/18/2016,2,Electronic - Short Form,Call Center Internal
Bowflex Selecttech Dumbbells,CAM44215 SAWDSEESF14A,,4/20/2016,4/18/2016,1,Electronic - Short Form,Call Center Internal
Bowflex Max Trainer,CAM44223 SAWDOSBIE,4/20/2016,4/20/2016,4/18/2016,1,Online Search,Call Center Internal
Bowflex Max Trainer,CAM44223 SAWDOSBIE,,4/20/2016,4/18/2016,2,Online Search,Call Center Internal
Treadclimber,CAM44223 SAWDOSBIE,,4/20/2016,4/18/2016,2,Online Search,Call Center Internal
Bowflex Max Trainer,CAM44230 SAWDOSG2E,4/20/2016,4/20/2016,4/18/2016,2,Online Search,Call Center Internal
Bowflex Max Trainer,CAM44230 SAWDOSG2E,,4/20/2016,4/18/2016,5,Online Search,Call Center Internal
Treadclimber,CAM44230 SAWDOSG2E,,4/20/2016,4/18/2016,3,Online Search,Call Center Internal
Bowflex Max Trainer,CAM44230 SAWDOSG2E,4/20/2016,4/20/2016,4/18/2016,1,Online Search,Third Party Call Center - Evolve
Bowflex Max Trainer,CAM44230 SAWDOSG2E,,4/20/2016,4/18/2016,1,Online Search,Third Party Call Center - Evolve
Bowflex Max Trainer,CAM44236 SAWMAX,4/20/2016,4/20/2016,4/18/2016,1,Electronic - UnSourced,Call Center Internal
Bowflex Max Trainer,CAM44236 SAWMAX,,4/20/2016,4/18/2016,5,Electronic - UnSourced,Call Center Internal
Treadclimber,CAM44236 SAWMAX,,4/20/2016,4/18/2016,3,Electronic - UnSourced,Call Center Internal
Bowflex Catalog,CAM44429 dosbiesl1,,4/20/2016,4/18/2016,1,Online Search,Web
Bowflex Max Trainer,CAM44429 dosbiesl1,4/20/2016,4/20/2016,4/18/2016,3,Online Search,Web
Bowflex Max Trainer,CAM44429 dosbiesl1,,4/20/2016,4/18/2016,16,Online Search,Web
Treadclimber,CAM44429 dosbiesl1,,4/20/2016,4/18/2016,1,Online Search,Web
Bowflex Max Trainer,CAM44433 dege1sitemx,4/20/2016,4/20/2016,4/18/2016,8,Electronic - UnSourced,Web
Bowflex Max Trainer,CAM44433 dege1sitemx,,4/20/2016,4/18/2016,16,Electronic - UnSourced,Web
Treadclimber,CAM44433 dege1sitemx,,4/20/2016,4/18/2016,1,Electronic - UnSourced,Web
Bowflex Max Trainer,CAM44435 dosg2egl1mx,4/20/2016,4/20/2016,4/18/2016,8,Online Search,Web
Bowflex Max Trainer,CAM44435 dosg2egl1mx,,4/20/2016,4/18/2016,28,Online Search,Web
Treadclimber,CAM44435 dosg2egl1mx,,4/20/2016,4/18/2016,2,Online Search,Web
Bowflex Max Trainer,CAM44436 dosg2esl2,4/20/2016,4/20/2016,4/18/2016,11,Online Search,Web
Bowflex Max Trainer,CAM44497 dosg2esl1,4/20/2016,4/20/2016,4/18/2016,9,Online Search,Web
Bowflex Max Trainer,CAM44497 dosg2esl1,,4/20/2016,4/18/2016,20,Online Search,Web
Treadclimber,CAM44497 dosg2esl1,,4/20/2016,4/18/2016,3,Online Search,Web
Bowflex Max Trainer,CAM44520 dosbiegl1mx,4/20/2016,4/20/2016,4/18/2016,1,Online Search,Web
Bowflex Max Trainer,CAM44520 dosbiegl1mx,,4/20/2016,4/18/2016,4,Online Search,Web
Bowflex Max Trainer,CAM44531 dosbiesl2,4/20/2016,4/20/2016,4/18/2016,1,Online Search,Web
Bowflex Max Trainer,CAM44539 SAWDOSG2EMOBILE2,,4/20/2016,4/18/2016,6,Online Search,Call Center Internal
Treadclimber,CAM44539 SAWDOSG2EMOBILE2,,4/20/2016,4/18/2016,1,Online Search,Call Center Internal
Bowflex Max Trainer,CAM44560 dosg2esl5,,4/20/2016,4/18/2016,3,Online Search,Web
Bowflex Max Trainer,CAM44567 dosg2esl3,4/20/2016,4/20/2016,4/18/2016,2,Online Search,Web
Treadclimber,CAM44626 1800BOWFLEX_BMT,,4/20/2016,4/18/2016,2,Electronic - UnSourced,Call Center Internal
Bowflex Max Trainer,CAM44887 dofg2efeed1,4/20/2016,4/20/2016,4/18/2016,2,Online Shopping,Web
Bowflex Max Trainer,CAM44887 dofg2efeed1,4/21/2016,4/20/2016,4/18/2016,1,Online Shopping,Web
Bowflex Max Trainer,CAM44887 dofg2efeed1,,4/20/2016,4/18/2016,14,Online Shopping,Web
Treadclimber,CAM44887 dofg2efeed1,,4/20/2016,4/18/2016,1,Online Shopping,Web
Bowflex Max Trainer,CAM44948 dofbiefeed1,,4/20/2016,4/18/2016,2,Online Shopping,Web
Bowflex Max Trainer,CAM44952 dosbieml1,4/20/2016,4/20/2016,4/18/2016,2,Online Search,Web
Bowflex Max Trainer,CAM44952 dosbieml1,,4/20/2016,4/18/2016,3,Online Search,Web
Treadclimber,CAM44952 dosbieml1,,4/20/2016,4/18/2016,1,Online Search,Web
Bowflex Max Trainer,CAM45009 dosg2eml1,4/20/2016,4/20/2016,4/18/2016,17,Online Search,Web
Bowflex Max Trainer,CAM45009 dosg2eml1,,4/20/2016,4/18/2016,20,Online Search,Web
Treadclimber,CAM45009 dosg2eml1,,4/20/2016,4/18/2016,1,Online Search,Web
Bowflex Max Trainer,CAM45043 SAWDOFG2E,,4/20/2016,4/18/2016,2,Online Shopping,Call Center Internal
Treadclimber,CAM45043 SAWDOFG2E,,4/20/2016,4/18/2016,1,Online Shopping,Call Center Internal
Bowflex Max Trainer,CAM45327 1800MAXTRAINER,,4/20/2016,4/18/2016,1,Un-Sourced,Call Center Internal
Treadclimber,CAM45327 1800MAXTRAINER,,4/20/2016,4/18/2016,3,Un-Sourced,Call Center Internal
Bowflex Max Trainer,CAM45387 DSEESF14E,4/20/2016,4/20/2016,4/18/2016,2,Electronic - Short Form,Web
Bowflex Max Trainer,CAM45387 DSEESF14E,,4/20/2016,4/18/2016,2,Electronic - Short Form,Web
Bowflex Max Trainer,CAM45388 DSEESF14F,4/20/2016,4/20/2016,4/18/2016,10,Electronic - Short Form,Web
Bowflex Max Trainer,CAM45388 DSEESF14F,4/24/2016,4/20/2016,4/18/2016,1,Electronic - Short Form,Web
Bowflex Max Trainer,CAM45388 DSEESF14F,,4/20/2016,4/18/2016,2,Electronic - Short Form,Web
Bowflex Max Trainer,CAM45730 DOSG2ESL7,4/20/2016,4/20/2016,4/18/2016,2,Online Search,Web
Bowflex Max Trainer,CAM45730 DOSG2ESL7,,4/20/2016,4/18/2016,4,Online Search,Web
Bowflex Max Trainer,CAM45732 DOSBIESL7,,4/20/2016,4/18/2016,1,Online Search,Web
Bowflex Max Trainer,CAM45798 DSEESF14H,4/20/2016,4/20/2016,4/18/2016,13,Electronic - Short Form,Web
Bowflex Max Trainer,CAM45798 DSEESF14H,,4/20/2016,4/18/2016,1,Electronic - Short Form,Web
Bowflex Max Trainer,CAM45800 DSEESF14J,4/20/2016,4/20/2016,4/18/2016,2,Electronic - Short Form,Web
Treadclimber,CAM45852 DOSG2TSL32,4/20/2016,4/20/2016,4/18/2016,6,Online Search,Web
Bowflex Selecttech Dumbbells,CAM45898 DOXFBERESPONSE,,4/20/2016,4/18/2016,1,Online Social,Call Center Internal
Bowflex Max Trainer,CAM45898 DOXFBERESPONSE,4/20/2016,4/20/2016,4/18/2016,3,Online Social,Web
Bowflex Max Trainer,CAM45898 DOXFBERESPONSE,,4/20/2016,4/18/2016,2,Online Social,Web
Bowflex Max Trainer,CAM45900 SAWDODADCE,,4/20/2016,4/18/2016,1,Online Display,Call Center Internal
Treadclimber,CAM45900 SAWDODADCE,,4/20/2016,4/18/2016,1,Online Display,Call Center Internal
Treadclimber,CAM46146 DOSBITSL17,4/20/2016,4/20/2016,4/18/2016,2,Online Search,Web
Bowflex Max Trainer,CAM47150 DOSG2ESL9,4/20/2016,4/20/2016,4/18/2016,2,Online Search,Web
Bowflex Max Trainer,CAM47150 DOSG2ESL9,,4/20/2016,4/18/2016,1,Online Search,Web
Bowflex Max Trainer,CAM47151 DOSG2EML2,4/20/2016,4/20/2016,4/18/2016,5,Online Search,Web
Bowflex Max Trainer,CAM47151 DOSG2EML2,,4/20/2016,4/18/2016,10,Online Search,Web
Treadclimber,CAM47151 DOSG2EML2,,4/20/2016,4/18/2016,1,Online Search,Web
Bowflex Max Trainer,CAM47152 DOSBIESL8,4/20/2016,4/20/2016,4/18/2016,2,Online Search,Web
Bowflex Max Trainer,CAM47152 DOSBIESL8,,4/20/2016,4/18/2016,2,Online Search,Web
Bowflex Max Trainer,CAM47153 DOSBIEML2,4/20/2016,4/20/2016,4/18/2016,2,Online Search,Web
Treadclimber,CAM47171 DOXFBTGL1,4/20/2016,4/20/2016,4/18/2016,1,Online Social,Web
Bowflex Max Trainer,CAM47172 DOXFBEGL1,,4/20/2016,4/18/2016,1,Online Social,Web
Bowflex Max Trainer,CAM47239 SAWDODCTOE,,4/20/2016,4/18/2016,3,Online Display,Call Center Internal
Treadclimber,CAM47239 SAWDODCTOE,,4/20/2016,4/18/2016,2,Online Display,Call Center Internal
Bowflex Max Trainer,CAM47251 DODCTOEDL2,4/20/2016,4/20/2016,4/18/2016,11,Online Display,Web
Bowflex Max Trainer,CAM47251 DODCTOEDL2,,4/20/2016,4/18/2016,15,Online Display,Web
Treadclimber,CAM47251 DODCTOEDL2,,4/20/2016,4/18/2016,3,Online Display,Web
Treadclimber,CAM47254 DODCTOTDL1,4/20/2016,4/20/2016,4/18/2016,4,Online Display,Web
Treadclimber,CAM47254 DODCTOTDL1,,4/20/2016,4/18/2016,3,Online Display,Web
Bowflex Home Gyms,CAM47265 DOSG2GSL38,,4/20/2016,4/18/2016,1,Online Search,Web
Bowflex Selecttech Dumbbells,CAM47267 DODCTODDL2,,4/20/2016,4/18/2016,1,Online Display,Web
Bowflex Max Trainer,CAM47809 SAWDODFBKE,4/20/2016,4/20/2016,4/18/2016,1,Online Display,Call Center Internal
Bowflex Catalog,CAM48037 DCBHOMEFALOFFR15,4/20/2016,4/20/2016,4/18/2016,1,Catalog,Web
Bowflex Catalog,CAM48037 DCBHOMEFALOFFR15,,4/20/2016,4/18/2016,1,Catalog,Web
Treadclimber,CAM48185 DOXFBTSCODE002,4/20/2016,4/20/2016,4/18/2016,1,Online Social,Web
Treadclimber,CAM48185 DOXFBTSCODE002,,4/20/2016,4/18/2016,7,Online Social,Web
Treadclimber,CAM48186 DOXFBTSCODE003,4/20/2016,4/20/2016,4/18/2016,10,Online Social,Web
Treadclimber,CAM48186 DOXFBTSCODE003,,4/20/2016,4/18/2016,5,Online Social,Web
Treadclimber,CAM48188 DOXFBTSCODE005,4/20/2016,4/20/2016,4/18/2016,1,Online Social,Web
Treadclimber,CAM48188 DOXFBTSCODE005,4/22/2016,4/20/2016,4/18/2016,1,Online Social,Web
Treadclimber,CAM48188 DOXFBTSCODE005,,4/20/2016,4/18/2016,1,Online Social,Web
Bowflex Max Trainer,CAM48200 SAWDOXFBESCODE,,4/20/2016,4/18/2016,1,Online Social,Call Center Internal
Treadclimber,CAM48200 SAWDOXFBESCODE,,4/20/2016,4/18/2016,1,Online Social,Call Center Internal
Bowflex Max Trainer,CAM48201 DOXFBESCODE001,,4/20/2016,4/18/2016,1,Online Social,Web
Bowflex Max Trainer,CAM48202 DOXFBESCODE002,4/20/2016,4/20/2016,4/18/2016,5,Online Social,Web
Bowflex Max Trainer,CAM48202 DOXFBESCODE002,,4/20/2016,4/18/2016,17,Online Social,Web
Treadclimber,CAM48202 DOXFBESCODE002,,4/20/2016,4/18/2016,2,Online Social,Web
Bowflex Max Trainer,CAM48203 DOXFBESCODE003,4/20/2016,4/20/2016,4/18/2016,6,Online Social,Web
Bowflex Max Trainer,CAM48203 DOXFBESCODE003,,4/20/2016,4/18/2016,3,Online Social,Web
Bowflex Max Trainer,CAM48205 DOXFBESCODE005,4/20/2016,4/20/2016,4/18/2016,3,Online Social,Web
Bowflex Max Trainer,CAM48205 DOXFBESCODE005,,4/20/2016,4/18/2016,2,Online Social,Web
Treadclimber,CAM48205 DOXFBESCODE005,,4/20/2016,4/18/2016,1,Online Social,Web
Bowflex Selecttech Dumbbells,CAM48208 DOXFBDSCODE002,,4/20/2016,4/18/2016,5,Online Social,Web
Bowflex Selecttech Dumbbells,CAM48209 DOXFBDSCODE003,4/20/2016,4/20/2016,4/18/2016,3,Online Social,Web
Bowflex Selecttech Dumbbells,CAM48209 DOXFBDSCODE003,,4/20/2016,4/18/2016,1,Online Social,Web
Bowflex Selecttech Dumbbells,CAM48210 DOXFBDSCODE004,4/20/2016,4/20/2016,4/18/2016,2,Online Social,Web
Bowflex Home Gyms,CAM48212 SAWDOXFBGSCODE,,4/20/2016,4/18/2016,2,Online Social,Call Center Internal
Treadclimber,CAM48498 INSPN120HKINGTIC,4/20/2016,4/20/2016,4/18/2016,5,Short Form,Call Center Internal
Treadclimber,CAM48499 SPKEN120HKINGTIC,4/20/2016,4/20/2016,4/18/2016,12,Short Form,Call Center Internal
Treadclimber,CAM48499 SPKEN120HKINGTIC,,4/20/2016,4/18/2016,3,Short Form,Call Center Internal
Treadclimber,CAM48499 SPKEN120HKINGTIC,4/20/2016,4/20/2016,4/18/2016,2,Short Form,Third Party Call Center - Evolve
Treadclimber,CAM48501 METVN120HKINGTIC,4/20/2016,4/20/2016,4/18/2016,1,Short Form,Call Center Internal
Treadclimber,CAM48507 GAMEN120HKINGTIC,4/20/2016,4/20/2016,4/18/2016,4,Short Form,Call Center Internal
Treadclimber,CAM48510 TESCN120HKINGTIC,4/20/2016,4/20/2016,4/18/2016,2,Short Form,Call Center Internal
Treadclimber,CAM48514 DISEN60*HKINGTIC,4/20/2016,4/20/2016,4/18/2016,1,Short Form,Call Center Internal
Treadclimber,CAM48517 LMN*N60*HKINGTIC,4/20/2016,4/20/2016,4/18/2016,2,Short Form,Call Center Internal
Treadclimber,CAM48518 INSPN180HKINGTIC,4/20/2016,4/20/2016,4/18/2016,5,Short Form,Call Center Internal
Treadclimber,CAM48518 INSPN180HKINGTIC,5/2/2016,4/20/2016,4/18/2016,1,Short Form,Call Center Internal
Treadclimber,CAM48518 INSPN180HKINGTIC,,4/20/2016,4/18/2016,1,Short Form,Call Center Internal
Treadclimber,CAM48520 DLFEN180HKINGTIC,4/20/2016,4/20/2016,4/18/2016,4,Short Form,Call Center Internal
Treadclimber,CAM48521 HMM*N180HKINGTIC,4/20/2016,4/20/2016,4/18/2016,5,Short Form,Call Center Internal
Treadclimber,CAM48521 HMM*N180HKINGTIC,4/20/2016,4/20/2016,4/18/2016,3,Short Form,Third Party Call Center - Evolve
Treadclimber,CAM48521 HMM*N180HKINGTIC,4/20/2016,4/20/2016,4/18/2016,4,Short Form,Third Party Call Center - West
Treadclimber,CAM48586 P0116WEBMDCSYFW,4/20/2016,4/20/2016,4/18/2016,1,Print,Call Center Internal
Treadclimber,CAM48637 P02161STWMNCSYPF,4/20/2016,4/20/2016,4/18/2016,1,Short Form,Call Center Internal
Bowflex Max Trainer,CAM48694 DPEEPRINT15E,4/20/2016,4/20/2016,4/18/2016,1,Electronic - Print,Web
Bowflex Max Trainer,CAM48728 MX10P60*J14FSTIC,4/20/2016,4/20/2016,4/18/2016,2,Short Form,Third Party Call Center - West
Bowflex Max Trainer,CAM48730 MX12P60*J14FSTIC,4/20/2016,4/20/2016,4/18/2016,1,Short Form,Third Party Call Center - West
Bowflex Max Trainer,CAM48741 MX23P60*J14FSTIC,4/20/2016,4/20/2016,4/18/2016,1,Short Form,Third Party Call Center - West
Bowflex Max Trainer,CAM48744 FOX*NVODJ14FSTIC,4/20/2016,4/20/2016,4/18/2016,1,Short Form,Third Party Call Center - Evolve
Bowflex Max Trainer,CAM48745 SUNDN120J14FSTIC,4/20/2016,4/20/2016,4/18/2016,7,Short Form,Call Center Internal
Bowflex Max Trainer,CAM48750 IFC*N120J14FSTIC,,4/20/2016,4/18/2016,1,Short Form,Call Center Internal
Treadclimber,CAM48750 IFC*N120J14FSTIC,,4/20/2016,4/18/2016,1,Short Form,Call Center Internal
Bowflex Max Trainer,CAM48751 ION*N120J14FSTIC,4/20/2016,4/20/2016,4/18/2016,12,Short Form,Call Center Internal
Bowflex Max Trainer,CAM48753 RELZN120J14FSTIC,4/20/2016,4/20/2016,4/18/2016,1,Short Form,Call Center Internal
Bowflex Max Trainer,CAM48754 JUSTN120J14FSTIC,4/20/2016,4/20/2016,4/18/2016,2,Short Form,Call Center Internal
Bowflex Max Trainer,CAM48754 JUSTN120J14FSTIC,,4/20/2016,4/18/2016,1,Short Form,Call Center Internal
Bowflex Max Trainer,CAM48760 ODORN120J14FSTIC,4/20/2016,4/20/2016,4/18/2016,1,Short Form,Call Center Internal
Bowflex Max Trainer,CAM48760 ODORN120J14FSTIC,4/20/2016,4/20/2016,4/18/2016,2,Short Form,Third Party Call Center - Evolve
Bowflex Max Trainer,CAM48761 EREYN120J14FSTIC,4/20/2016,4/20/2016,4/18/2016,1,Short Form,Third Party Call Center - Evolve
Bowflex Max Trainer,CAM48775 SUNDN180JACFSTIC,4/20/2016,4/20/2016,4/18/2016,3,Short Form,Call Center Internal
Bowflex Max Trainer,CAM48777 VH1CN180JACFSTIC,4/20/2016,4/20/2016,4/18/2016,1,Short Form,Call Center Internal
Bowflex Max Trainer,CAM48778 DTVSN60*J14FSTIC,4/20/2016,4/20/2016,4/18/2016,3,Short Form,Call Center Internal
Bowflex Max Trainer,CAM48779 DISMN60*J14FSTIC,4/20/2016,4/20/2016,4/18/2016,2,Short Form,Call Center Internal
Bowflex Max Trainer,CAM48791 IFC*N5MNHAMFSTIC,4/20/2016,4/20/2016,4/18/2016,1,Short Form,Third Party Call Center - Evolve
Bowflex Max Trainer,CAM48793 HERON5MNHAMFSTIC,4/20/2016,4/20/2016,4/18/2016,1,Short Form,Third Party Call Center - Evolve
Bowflex Max Trainer,CAM48796 DESTN5MNHAMFSTIC,4/20/2016,4/20/2016,4/18/2016,1,Short Form,Call Center Internal
Bowflex Max Trainer,CAM48796 DESTN5MNHAMFSTIC,,4/20/2016,4/18/2016,1,Short Form,Call Center Internal
Bowflex Max Trainer,CAM48796 DESTN5MNHAMFSTIC,4/20/2016,4/20/2016,4/18/2016,4,Short Form,Third Party Call Center - Evolve
Treadclimber,CAM48811 MOVSN120HKINGTIC,4/20/2016,4/20/2016,4/18/2016,3,Short Form,Call Center Internal
Bowflex Max Trainer,CAM48876 DSEESF15A,4/20/2016,4/20/2016,4/18/2016,11,Electronic - Short Form,Web
Bowflex Max Trainer,CAM48876 DSEESF15A,,4/20/2016,4/18/2016,2,Electronic - Short Form,Web
Bowflex Catalog,CAM48920 DCBHOMEWIN16,4/20/2016,4/20/2016,4/18/2016,2,Catalog,Web
Bowflex Catalog,CAM48920 DCBHOMEWIN16,,4/20/2016,4/18/2016,5,Catalog,Web
Bowflex Home Gyms,CAM48920 DCBHOMEWIN16,,4/20/2016,4/18/2016,1,Catalog,Web
Bowflex Max Trainer,CAM48920 DCBHOMEWIN16,,4/20/2016,4/18/2016,2,Catalog,Web
Bowflex Max Trainer,CAM48967 PALLN5MNHAMFSTIC,,4/20/2016,4/18/2016,1,Short Form,Call Center Internal
Bowflex Max Trainer,CAM48967 PALLN5MNHAMFSTIC,4/20/2016,4/20/2016,4/18/2016,2,Short Form,Third Party Call Center - Evolve
Bowflex Max Trainer,CAM48975 DOFG2EFEED2,,4/20/2016,4/18/2016,17,Online Shopping,Web
Bowflex Catalog,CAM48980 DOFG2CFEED3,4/20/2016,4/20/2016,4/18/2016,3,Online Shopping,Web
Bowflex Catalog,CAM48980 DOFG2CFEED3,,4/20/2016,4/18/2016,2,Online Shopping,Web
Bowflex Max Trainer,CAM48984 DOSG2ESL11,,4/20/2016,4/18/2016,1,Online Search,Web
Treadclimber,CAM48984 DOSG2ESL11,,4/20/2016,4/18/2016,1,Online Search,Web
Bowflex Max Trainer,CAM49156 FOXNN120J14FSTIC,4/20/2016,4/20/2016,4/18/2016,2,Short Form,Call Center Internal
Bowflex Max Trainer,CAM49156 FOXNN120J14FSTIC,4/20/2016,4/20/2016,4/18/2016,2,Short Form,Third Party Call Center - Evolve
Bowflex Max Trainer,CAM49224 LAFFN5MNHAMFSTIC,4/20/2016,4/20/2016,4/18/2016,2,Short Form,Third Party Call Center - Evolve
Treadclimber,CAM49227 ION*N120BOO16TIC,4/20/2016,4/20/2016,4/18/2016,5,Short Form,Call Center Internal
Treadclimber,CAM49227 ION*N120BOO16TIC,,4/20/2016,4/18/2016,5,Short Form,Call Center Internal
Treadclimber,CAM49227 ION*N120BOO16TIC,4/20/2016,4/20/2016,4/18/2016,1,Short Form,Third Party Call Center - Evolve
Treadclimber,CAM49228 INSPN120BOO16TIC,4/20/2016,4/20/2016,4/18/2016,3,Short Form,Call Center Internal
Treadclimber,CAM49228 INSPN120BOO16TIC,4/20/2016,4/20/2016,4/18/2016,2,Short Form,Third Party Call Center - Evolve
Treadclimber,CAM49228 INSPN120BOO16TIC,4/20/2016,4/20/2016,4/18/2016,9,Short Form,Third Party Call Center - West
Treadclimber,CAM49229 METVN120BOO16TIC,4/20/2016,4/20/2016,4/18/2016,7,Short Form,Call Center Internal
Treadclimber,CAM49229 METVN120BOO16TIC,4/20/2016,4/20/2016,4/18/2016,3,Short Form,Third Party Call Center - West
Treadclimber,CAM49231 GAMEN120BOO16TIC,4/20/2016,4/20/2016,4/18/2016,2,Short Form,Third Party Call Center - Evolve
Treadclimber,CAM49232 DCADN120BOO16TIC,,4/20/2016,4/18/2016,1,Short Form,Call Center Internal
Treadclimber,CAM49232 DCADN120BOO16TIC,4/20/2016,4/20/2016,4/18/2016,1,Short Form,Third Party Call Center - Evolve
Treadclimber,CAM49233 TESCN120WMN16TIC,4/20/2016,4/20/2016,4/18/2016,1,Short Form,Call Center Internal
Bowflex Max Trainer,CAM49246 DODSTLEDL1,4/20/2016,4/20/2016,4/18/2016,1,Online Display,Web
Bowflex Max Trainer,CAM49246 DODSTLEDL1,,4/20/2016,4/18/2016,4,Online Display,Web
Treadclimber,CAM49292 DSETSF16A,4/20/2016,4/20/2016,4/18/2016,33,Electronic - Short Form,Web
Treadclimber,CAM49292 DSETSF16A,,4/20/2016,4/18/2016,1,Electronic - Short Form,Web
Bowflex Max Trainer,CAM49296 DSEESF16B,4/20/2016,4/20/2016,4/18/2016,4,Electronic - Short Form,Web
Bowflex Max Trainer,CAM49296 DSEESF16B,,4/20/2016,4/18/2016,2,Electronic - Short Form,Web
Treadclimber,CAM49296 DSEESF16B,,4/20/2016,4/18/2016,1,Electronic - Short Form,Web
Bowflex Max Trainer,CAM49298 DTVAN60*J14FSTIC,4/20/2016,4/20/2016,4/18/2016,1,Short Form,Call Center Internal
Treadclimber,CAM49331 DOXFBTSCODEMOM16,,4/20/2016,4/18/2016,7,Online Social,Web
Treadclimber,CAM6110 SAWGOOGTC,4/20/2016,4/20/2016,4/18/2016,2,Online,Call Center Internal
Treadclimber,CAM6110 SAWGOOGTC,,4/20/2016,4/18/2016,1,Online,Call Center Internal
Treadclimber,CAM10045 SAWYAHSPTC,,4/21/2016,4/18/2016,1,Online,Call Center Internal
Bowflex Selecttech Dumbbells,CAM11920 SAWWEBST,,4/21/2016,4/18/2016,1,Electronic - UnSourced,Call Center Internal
Treadclimber,CAM133 1800BOWFLEX_TRC,4/21/2016,4/21/2016,4/18/2016,1,Electronic - UnSourced,Call Center Internal
Treadclimber,CAM16414 DEGBFTRC,4/21/2016,4/21/2016,4/18/2016,7,Electronic - UnSourced,Web
Treadclimber,CAM16414 DEGBFTRC,,4/21/2016,4/18/2016,12,Electronic - UnSourced,Web
Treadclimber,CAM16426 DSETDIR,4/21/2016,4/21/2016,4/18/2016,12,Electronic - Short Form,Web
Treadclimber,CAM16426 DSETDIR,,4/21/2016,4/18/2016,4,Electronic - Short Form,Web
Bowflex Home Gyms,CAM16616 DEGBFBHG,4/21/2016,4/21/2016,4/18/2016,1,Electronic - UnSourced,Web
Bowflex Home Gyms,CAM16616 DEGBFBHG,,4/21/2016,4/18/2016,1,Electronic - UnSourced,Web
Bowflex Catalog,CAM23584 degcfootlinkbf,4/21/2016,4/21/2016,4/18/2016,2,Electronic - UnSourced,Web
Bowflex Catalog,CAM23586 degcfootlinkst,4/21/2016,4/21/2016,4/18/2016,3,Electronic - UnSourced,Web
Bowflex Catalog,CAM23587 degcfootlinktc,4/21/2016,4/21/2016,4/18/2016,4,Electronic - UnSourced,Web
Bowflex Catalog,CAM23587 degcfootlinktc,5/7/2016,4/21/2016,4/18/2016,1,Electronic - UnSourced,Web
Bowflex Selecttech Dumbbells,CAM23877 degd1sitest,4/21/2016,4/21/2016,4/18/2016,1,Electronic - UnSourced,Web
Bowflex Selecttech Dumbbells,CAM23877 degd1sitest,,4/21/2016,4/18/2016,11,Electronic - UnSourced,Web
Treadclimber,CAM23879 degt1sitetc,4/21/2016,4/21/2016,4/18/2016,5,Electronic - UnSourced,Web
Treadclimber,CAM23879 degt1sitetc,,4/21/2016,4/18/2016,13,Electronic - UnSourced,Web
Bowflex Home Gyms,CAM25756 DEGSAWBFG,,4/21/2016,4/18/2016,3,Electronic - UnSourced,Call Center Internal
Bowflex Home Gyms,CAM27401 DEFAULTADID,,4/21/2016,4/18/2016,1,Electronic - Short Form,Call Center Internal
Bowflex Max Trainer,CAM27401 DEFAULTADID,,4/21/2016,4/18/2016,1,Electronic - Short Form,Call Center Internal
Bowflex Revolution,CAM27401 DEFAULTADID,,4/21/2016,4/18/2016,1,Electronic - Short Form,Call Center Internal
Bowflex Catalog,CAM28157 SALESFOLLOWUP,,4/21/2016,4/18/2016,1,Un-Sourced,Call Center Internal
Bowflex Home Gyms,CAM28157 SALESFOLLOWUP,,4/21/2016,4/18/2016,4,Un-Sourced,Call Center Internal
Bowflex Max Trainer,CAM28157 SALESFOLLOWUP,,4/21/2016,4/18/2016,1,Un-Sourced,Call Center Internal
Treadclimber,CAM28157 SALESFOLLOWUP,,4/21/2016,4/18/2016,2,Un-Sourced,Call Center Internal
Bowflex Home Gyms,CAM28771 degg1siteg,4/21/2016,4/21/2016,4/18/2016,3,Electronic - UnSourced,Web
Bowflex Home Gyms,CAM28771 degg1siteg,,4/21/2016,4/18/2016,5,Electronic - UnSourced,Web
Bowflex Revolution,CAM28771 degg1siteg,,4/21/2016,4/18/2016,3,Electronic - UnSourced,Web
Bowflex Home Gyms,CAM30755 dosg2gsl1,4/21/2016,4/21/2016,4/18/2016,1,Online Search,Web
Bowflex Home Gyms,CAM30796 SAWDOSG2G,,4/21/2016,4/18/2016,1,Online Search,Call Center Internal
Bowflex Revolution,CAM30796 SAWDOSG2G,,4/21/2016,4/18/2016,1,Online Search,Call Center Internal
Bowflex Home Gyms,CAM31080 dosg2ggl1bf,4/21/2016,4/21/2016,4/18/2016,1,Online Search,Web
Bowflex Home Gyms,CAM31080 dosg2ggl1bf,,4/21/2016,4/18/2016,7,Online Search,Web
Treadclimber,CAM31082 dosg2tgl1tc,4/21/2016,4/21/2016,4/18/2016,1,Online Search,Web
Treadclimber,CAM31082 dosg2tgl1tc,,4/21/2016,4/18/2016,3,Online Search,Web
Bowflex Home Gyms,CAM32062 dofg2gfeed1,,4/21/2016,4/18/2016,1,Online Shopping,Web
Treadclimber,CAM32123 dofg2tfeed1,,4/21/2016,4/18/2016,2,Online Shopping,Web
Bowflex Home Gyms,CAM32136 deggbhg,4/21/2016,4/21/2016,4/18/2016,1,Electronic - UnSourced,Web
Bowflex Home Gyms,CAM32136 deggbhg,,4/21/2016,4/18/2016,4,Electronic - UnSourced,Web
Bowflex Catalog,CAM32307 SAWDOSG2C,,4/21/2016,4/18/2016,1,Online Search,Call Center Internal
Bowflex Revolution,CAM32307 SAWDOSG2C,,4/21/2016,4/18/2016,1,Online Search,Call Center Internal
Bowflex Catalog,CAM32308 SAWDOSMSNC,,4/21/2016,4/18/2016,1,Online Search,Call Center Internal
Bowflex Revolution,CAM32308 SAWDOSMSNC,,4/21/2016,4/18/2016,1,Online Search,Call Center Internal
Bowflex Selecttech Dumbbells,CAM32308 SAWDOSMSNC,,4/21/2016,4/18/2016,1,Online Search,Call Center Internal
Bowflex Catalog,CAM32376 dosg2csl1,4/21/2016,4/21/2016,4/18/2016,1,Online Search,Web
Bowflex Home Gyms,CAM32607 dosg2gad2,4/21/2016,4/21/2016,4/18/2016,1,Online Search,Web
Bowflex Selecttech Dumbbells,CAM32678 dosg2dgl1st,,4/21/2016,4/18/2016,7,Online Search,Web
Treadclimber,CAM33117 dosg2tmobile,4/21/2016,4/21/2016,4/18/2016,8,Online Search,Web
Treadclimber,CAM33117 dosg2tmobile,,4/21/2016,4/18/2016,1,Online Search,Web
Bowflex Catalog,CAM33953 SAWDOFG2C,,4/21/2016,4/18/2016,1,Online Shopping,Call Center Internal
Bowflex Catalog,CAM33966 dofg2cfeed1,4/21/2016,4/21/2016,4/18/2016,1,Online Shopping,Web
Bowflex Catalog,CAM33966 dofg2cfeed1,,4/21/2016,4/18/2016,7,Online Shopping,Web
Bowflex Home Gyms,CAM33966 dofg2cfeed1,,4/21/2016,4/18/2016,1,Online Shopping,Web
Bowflex Max Trainer,CAM33966 dofg2cfeed1,,4/21/2016,4/18/2016,1,Online Shopping,Web
Treadclimber,CAM33966 dofg2cfeed1,,4/21/2016,4/18/2016,1,Online Shopping,Web
Bowflex Catalog,CAM33967 dofnextcfeed1,,4/21/2016,4/18/2016,1,Online Shopping,Web
Bowflex Home Gyms,CAM34888 degdbst,,4/21/2016,4/18/2016,1,Electronic - UnSourced,Web
Bowflex Selecttech Dumbbells,CAM34888 degdbst,4/21/2016,4/21/2016,4/18/2016,1,Electronic - UnSourced,Web
Bowflex Selecttech Dumbbells,CAM34888 degdbst,,4/21/2016,4/18/2016,6,Electronic - UnSourced,Web
Treadclimber,CAM36104 SAWSF11E,,4/21/2016,4/18/2016,1,Electronic - Short Form,Call Center Internal
Treadclimber,CAM36298 dsetsf11g,4/21/2016,4/21/2016,4/18/2016,8,Electronic - Short Form,Web
Treadclimber,CAM36608 dsetsf12a,4/21/2016,4/21/2016,4/18/2016,39,Electronic - Short Form,Web
Treadclimber,CAM36608 dsetsf12a,4/29/2016,4/21/2016,4/18/2016,1,Electronic - Short Form,Web
Treadclimber,CAM36608 dsetsf12a,,4/21/2016,4/18/2016,1,Electronic - Short Form,Web
Treadclimber,CAM36797 dpetprint12a,4/21/2016,4/21/2016,4/18/2016,2,Electronic - Print,Web
Treadclimber,CAM36885 dosbitsl2,4/21/2016,4/21/2016,4/18/2016,1,Online Search,Web
Treadclimber,CAM36924 dpetprint12c,4/21/2016,4/21/2016,4/18/2016,1,Electronic - Print,Web
Bowflex Home Gyms,CAM37434 dosg2gsl29,,4/21/2016,4/18/2016,1,Online Search,Web
Treadclimber,CAM37440 dosg2tsl21,4/21/2016,4/21/2016,4/18/2016,5,Online Search,Web
Treadclimber,CAM37440 dosg2tsl21,,4/21/2016,4/18/2016,5,Online Search,Web
Treadclimber,CAM37443 dosg2tsl24,4/21/2016,4/21/2016,4/18/2016,3,Online Search,Web
Treadclimber,CAM37443 dosg2tsl24,,4/21/2016,4/18/2016,1,Online Search,Web
Treadclimber,CAM37579 dpetprint12e,4/21/2016,4/21/2016,4/18/2016,1,Electronic - Print,Web
Treadclimber,CAM37655 dosbitsl10,,4/21/2016,4/18/2016,2,Online Search,Web
Bowflex Selecttech Dumbbells,CAM37740 dosbidsl8,,4/21/2016,4/18/2016,1,Online Search,Web
Bowflex Selecttech Dumbbells,CAM37741 dosbidsl9,,4/21/2016,4/18/2016,1,Online Search,Web
Treadclimber,CAM38406 SAWDPETPRINT12F,4/21/2016,4/21/2016,4/18/2016,1,Electronic - Print,Call Center Internal
Treadclimber,CAM38406 SAWDPETPRINT12F,,4/21/2016,4/18/2016,1,Electronic - Print,Call Center Internal
Treadclimber,CAM38842 dosg2tsl27,4/21/2016,4/21/2016,4/18/2016,3,Online Search,Web
Bowflex Home Gyms,CAM39082 dodrfgdl1,4/21/2016,4/21/2016,4/18/2016,1,Online Display,Web
Treadclimber,CAM39391 dodrftdl4,4/21/2016,4/21/2016,4/18/2016,1,Online Display,Web
Treadclimber,CAM39391 dodrftdl4,,4/21/2016,4/18/2016,1,Online Display,Web
Bowflex Home Gyms,CAM39440 dosbiggl1bf,4/21/2016,4/21/2016,4/18/2016,1,Online Search,Web
Bowflex Home Gyms,CAM39440 dosbiggl1bf,,4/21/2016,4/18/2016,4,Online Search,Web
Treadclimber,CAM39442 dosbitgl1tc,4/21/2016,4/21/2016,4/18/2016,1,Online Search,Web
Bowflex Selecttech Dumbbells,CAM39626 dodrfdstdl1,4/21/2016,4/21/2016,4/18/2016,1,Online Display,Web
Bowflex Catalog,CAM40820 1800BFXCATALOG,4/21/2016,4/21/2016,4/18/2016,1,Un-Sourced,Call Center Internal
Bowflex Catalog,CAM40820 1800BFXCATALOG,,4/21/2016,4/18/2016,1,Un-Sourced,Call Center Internal
Bowflex Home Gyms,CAM40821 1800BOWFLEX,,4/21/2016,4/18/2016,3,Un-Sourced,Call Center Internal
Bowflex Max Trainer,CAM40825 1800TREADCLIMBER,,4/21/2016,4/18/2016,1,Un-Sourced,Call Center Internal
Schwinn,CAM40825 1800TREADCLIMBER,,4/21/2016,4/18/2016,1,Un-Sourced,Call Center Internal
Treadclimber,CAM40825 1800TREADCLIMBER,4/21/2016,4/21/2016,4/18/2016,1,Un-Sourced,Call Center Internal
Treadclimber,CAM40825 1800TREADCLIMBER,,4/21/2016,4/18/2016,4,Un-Sourced,Call Center Internal
Universal,CAM40825 1800TREADCLIMBER,,4/21/2016,4/18/2016,1,Un-Sourced,Call Center Internal
Bowflex Max Trainer,CAM41189 degemax,4/21/2016,4/21/2016,4/18/2016,15,Electronic - UnSourced,Web
Bowflex Max Trainer,CAM41189 degemax,5/8/2016,4/21/2016,4/18/2016,1,Electronic - UnSourced,Web
Bowflex Max Trainer,CAM41189 degemax,,4/21/2016,4/18/2016,26,Electronic - UnSourced,Web
Treadclimber,CAM41189 degemax,,4/21/2016,4/18/2016,4,Electronic - UnSourced,Web
Treadclimber,CAM43666 dosg2tmobile4,4/21/2016,4/21/2016,4/18/2016,5,Online Search,Web
Treadclimber,CAM43666 dosg2tmobile4,,4/21/2016,4/18/2016,8,Online Search,Web
Treadclimber,CAM43683 dosbitsl14,4/21/2016,4/21/2016,4/18/2016,10,Online Search,Web
Treadclimber,CAM43804 dosg2tmobile6,4/21/2016,4/21/2016,4/18/2016,4,Online Search,Web
Treadclimber,CAM43804 dosg2tmobile6,,4/21/2016,4/18/2016,4,Online Search,Web
Treadclimber,CAM44065 SAWDOSG2TMOBILE2,4/21/2016,4/21/2016,4/18/2016,1,Online Search,Call Center Internal
Treadclimber,CAM44108 dosbitsl13,4/21/2016,4/21/2016,4/18/2016,1,Online Search,Web
Treadclimber,CAM44130 dosbitsl12,4/21/2016,4/21/2016,4/18/2016,1,Online Search,Web
Bowflex Max Trainer,CAM44172 dseesf14a,4/21/2016,4/21/2016,4/18/2016,21,Electronic - Short Form,Web
Bowflex Max Trainer,CAM44172 dseesf14a,,4/21/2016,4/18/2016,6,Electronic - Short Form,Web
Treadclimber,CAM44172 dseesf14a,,4/21/2016,4/18/2016,1,Electronic - Short Form,Web
Bowflex Max Trainer,CAM44191 dseesf14d,4/21/2016,4/21/2016,4/18/2016,6,Electronic - Short Form,Web
Bowflex Max Trainer,CAM44191 dseesf14d,,4/21/2016,4/18/2016,2,Electronic - Short Form,Web
Bowflex Catalog,CAM44215 SAWDSEESF14A,,4/21/2016,4/18/2016,1,Electronic - Short Form,Call Center Internal
Bowflex Max Trainer,CAM44215 SAWDSEESF14A,,4/21/2016,4/18/2016,1,Electronic - Short Form,Call Center Internal
Bowflex Max Trainer,CAM44223 SAWDOSBIE,,4/21/2016,4/18/2016,2,Online Search,Call Center Internal
Bowflex Max Trainer,CAM44230 SAWDOSG2E,4/21/2016,4/21/2016,4/18/2016,1,Online Search,Call Center Internal
Bowflex Max Trainer,CAM44230 SAWDOSG2E,,4/21/2016,4/18/2016,6,Online Search,Call Center Internal
Treadclimber,CAM44230 SAWDOSG2E,,4/21/2016,4/18/2016,1,Online Search,Call Center Internal
Bowflex Max Trainer,CAM44236 SAWMAX,4/21/2016,4/21/2016,4/18/2016,1,Electronic - UnSourced,Call Center Internal
Bowflex Max Trainer,CAM44236 SAWMAX,,4/21/2016,4/18/2016,6,Electronic - UnSourced,Call Center Internal
Treadclimber,CAM44236 SAWMAX,,4/21/2016,4/18/2016,4,Electronic - UnSourced,Call Center Internal
Bowflex Max Trainer,CAM44429 dosbiesl1,4/21/2016,4/21/2016,4/18/2016,3,Online Search,Web
Bowflex Max Trainer,CAM44429 dosbiesl1,,4/21/2016,4/18/2016,7,Online Search,Web
Bowflex Max Trainer,CAM44433 dege1sitemx,4/21/2016,4/21/2016,4/18/2016,5,Electronic - UnSourced,Web
Bowflex Max Trainer,CAM44433 dege1sitemx,,4/21/2016,4/18/2016,30,Electronic - UnSourced,Web
Treadclimber,CAM44433 dege1sitemx,,4/21/2016,4/18/2016,6,Electronic - UnSourced,Web
Bowflex Max Trainer,CAM44435 dosg2egl1mx,4/21/2016,4/21/2016,4/18/2016,6,Online Search,Web
Bowflex Max Trainer,CAM44435 dosg2egl1mx,,4/21/2016,4/18/2016,17,Online Search,Web
Treadclimber,CAM44435 dosg2egl1mx,,4/21/2016,4/18/2016,3,Online Search,Web
Bowflex Max Trainer,CAM44436 dosg2esl2,4/21/2016,4/21/2016,4/18/2016,9,Online Search,Web
Bowflex Max Trainer,CAM44497 dosg2esl1,4/21/2016,4/21/2016,4/18/2016,8,Online Search,Web
Bowflex Max Trainer,CAM44497 dosg2esl1,,4/21/2016,4/18/2016,24,Online Search,Web
Treadclimber,CAM44497 dosg2esl1,,4/21/2016,4/18/2016,3,Online Search,Web
Bowflex Max Trainer,CAM44520 dosbiegl1mx,4/21/2016,4/21/2016,4/18/2016,4,Online Search,Web
Bowflex Max Trainer,CAM44520 dosbiegl1mx,,4/21/2016,4/18/2016,7,Online Search,Web
Treadclimber,CAM44520 dosbiegl1mx,,4/21/2016,4/18/2016,2,Online Search,Web
Bowflex Max Trainer,CAM44531 dosbiesl2,4/21/2016,4/21/2016,4/18/2016,1,Online Search,Web
Bowflex Max Trainer,CAM44539 SAWDOSG2EMOBILE2,4/21/2016,4/21/2016,4/18/2016,2,Online Search,Call Center Internal
Bowflex Max Trainer,CAM44539 SAWDOSG2EMOBILE2,,4/21/2016,4/18/2016,3,Online Search,Call Center Internal
Treadclimber,CAM44539 SAWDOSG2EMOBILE2,,4/21/2016,4/18/2016,1,Online Search,Call Center Internal
Bowflex Max Trainer,CAM44551 dosg2esl4,,4/21/2016,4/18/2016,1,Online Search,Web
Bowflex Max Trainer,CAM44560 dosg2esl5,4/21/2016,4/21/2016,4/18/2016,1,Online Search,Web
Bowflex Max Trainer,CAM44560 dosg2esl5,,4/21/2016,4/18/2016,2,Online Search,Web
Bowflex Selecttech Dumbbells,CAM44678 dosg2dsl21,,4/21/2016,4/18/2016,2,Online Search,Web
Bowflex Max Trainer,CAM44887 dofg2efeed1,4/21/2016,4/21/2016,4/18/2016,3,Online Shopping,Web
Bowflex Max Trainer,CAM44887 dofg2efeed1,,4/21/2016,4/18/2016,11,Online Shopping,Web
Bowflex Max Trainer,CAM44948 dofbiefeed1,,4/21/2016,4/18/2016,3,Online Shopping,Web
Treadclimber,CAM44948 dofbiefeed1,,4/21/2016,4/18/2016,1,Online Shopping,Web
Bowflex Max Trainer,CAM44952 dosbieml1,4/21/2016,4/21/2016,4/18/2016,1,Online Search,Web
Bowflex Max Trainer,CAM45009 dosg2eml1,4/21/2016,4/21/2016,4/18/2016,25,Online Search,Web
Bowflex Max Trainer,CAM45009 dosg2eml1,,4/21/2016,4/18/2016,24,Online Search,Web
Treadclimber,CAM45009 dosg2eml1,,4/21/2016,4/18/2016,1,Online Search,Web
Bowflex Max Trainer,CAM45043 SAWDOFG2E,,4/21/2016,4/18/2016,2,Online Shopping,Call Center Internal
Bowflex Max Trainer,CAM45327 1800MAXTRAINER,4/21/2016,4/21/2016,4/18/2016,2,Un-Sourced,Call Center Internal
Treadclimber,CAM45327 1800MAXTRAINER,,4/21/2016,4/18/2016,1,Un-Sourced,Call Center Internal
Bowflex Max Trainer,CAM45387 DSEESF14E,4/21/2016,4/21/2016,4/18/2016,3,Electronic - Short Form,Web
Bowflex Max Trainer,CAM45387 DSEESF14E,,4/21/2016,4/18/2016,1,Electronic - Short Form,Web
Bowflex Max Trainer,CAM45388 DSEESF14F,4/21/2016,4/21/2016,4/18/2016,4,Electronic - Short Form,Web
Bowflex Max Trainer,CAM45388 DSEESF14F,,4/21/2016,4/18/2016,2,Electronic - Short Form,Web
Treadclimber,CAM45690 SAWICAOSGCE,,4/21/2016,4/18/2016,1,Online Search,Call Center Internal
Bowflex Max Trainer,CAM45729 DOSG2ESL6,,4/21/2016,4/18/2016,2,Online Search,Web
Bowflex Max Trainer,CAM45730 DOSG2ESL7,4/21/2016,4/21/2016,4/18/2016,2,Online Search,Web
Bowflex Max Trainer,CAM45730 DOSG2ESL7,,4/21/2016,4/18/2016,2,Online Search,Web
Treadclimber,CAM45730 DOSG2ESL7,,4/21/2016,4/18/2016,1,Online Search,Web
Bowflex Max Trainer,CAM45731 DOSBIESL6,4/21/2016,4/21/2016,4/18/2016,1,Online Search,Web
Bowflex Max Trainer,CAM45736 DODRFEDL3,4/21/2016,4/21/2016,4/18/2016,1,Online Display,Web
Bowflex Max Trainer,CAM45798 DSEESF14H,4/21/2016,4/21/2016,4/18/2016,20,Electronic - Short Form,Web
Bowflex Max Trainer,CAM45799 DSEESF14I,4/21/2016,4/21/2016,4/18/2016,1,Electronic - Short Form,Web
Treadclimber,CAM45852 DOSG2TSL32,4/21/2016,4/21/2016,4/18/2016,7,Online Search,Web
Bowflex Max Trainer,CAM45898 DOXFBERESPONSE,,4/21/2016,4/18/2016,1,Online Social,Web
Bowflex Max Trainer,CAM45910 DODADCEDL3,4/21/2016,4/21/2016,4/18/2016,1,Online Display,Web
Treadclimber,CAM46146 DOSBITSL17,,4/21/2016,4/18/2016,1,Online Search,Web
Bowflex Max Trainer,CAM47150 DOSG2ESL9,4/21/2016,4/21/2016,4/18/2016,3,Online Search,Web
Bowflex Max Trainer,CAM47150 DOSG2ESL9,,4/21/2016,4/18/2016,5,Online Search,Web
Treadclimber,CAM47150 DOSG2ESL9,,4/21/2016,4/18/2016,1,Online Search,Web
Bowflex Max Trainer,CAM47151 DOSG2EML2,,4/21/2016,4/18/2016,7,Online Search,Web
Bowflex Max Trainer,CAM47152 DOSBIESL8,,4/21/2016,4/18/2016,1,Online Search,Web
Bowflex Max Trainer,CAM47153 DOSBIEML2,4/21/2016,4/21/2016,4/18/2016,1,Online Search,Web
Treadclimber,CAM47171 DOXFBTGL1,4/21/2016,4/21/2016,4/18/2016,1,Online Social,Web
Treadclimber,CAM47171 DOXFBTGL1,,4/21/2016,4/18/2016,1,Online Social,Web
Bowflex Max Trainer,CAM47172 DOXFBEGL1,,4/21/2016,4/18/2016,1,Online Social,Web
Treadclimber,CAM47235 SAWDODCTOT,4/21/2016,4/21/2016,4/18/2016,2,Online Display,Call Center Internal
Bowflex Max Trainer,CAM47239 SAWDODCTOE,,4/21/2016,4/18/2016,3,Online Display,Call Center Internal
Treadclimber,CAM47239 SAWDODCTOE,,4/21/2016,4/18/2016,1,Online Display,Call Center Internal
Bowflex Max Trainer,CAM47251 DODCTOEDL2,4/21/2016,4/21/2016,4/18/2016,7,Online Display,Web
Bowflex Max Trainer,CAM47251 DODCTOEDL2,4/22/2016,4/21/2016,4/18/2016,1,Online Display,Web
Bowflex Max Trainer,CAM47251 DODCTOEDL2,5/4/2016,4/21/2016,4/18/2016,1,Online Display,Web
Bowflex Max Trainer,CAM47251 DODCTOEDL2,,4/21/2016,4/18/2016,13,Online Display,Web
Treadclimber,CAM47251 DODCTOEDL2,,4/21/2016,4/18/2016,1,Online Display,Web
Treadclimber,CAM47254 DODCTOTDL1,4/21/2016,4/21/2016,4/18/2016,1,Online Display,Web
Treadclimber,CAM47254 DODCTOTDL1,,4/21/2016,4/18/2016,3,Online Display,Web
Bowflex Home Gyms,CAM47260 DODCTOGDL1,,4/21/2016,4/18/2016,1,Online Display,Web
Bowflex Home Gyms,CAM47265 DOSG2GSL38,,4/21/2016,4/18/2016,1,Online Search,Web
Bowflex Selecttech Dumbbells,CAM47267 DODCTODDL2,,4/21/2016,4/18/2016,2,Online Display,Web
Bowflex Selecttech Dumbbells,CAM47269 DOSBIDSL16,,4/21/2016,4/18/2016,1,Online Search,Web
Bowflex Max Trainer,CAM47528 FOX*NVODHAMF*TIC,4/21/2016,4/21/2016,4/18/2016,1,Short Form,Call Center Internal
Bowflex Catalog,CAM47779 DCBHOMESUMOFFR15,,4/21/2016,4/18/2016,1,Catalog,Web
Bowflex Catalog,CAM48037 DCBHOMEFALOFFR15,4/21/2016,4/21/2016,4/18/2016,1,Catalog,Web
Treadclimber,CAM48183 SAWDOXFBTSCODE,4/21/2016,4/21/2016,4/18/2016,1,Online Social,Third Party Call Center - Evolve
Treadclimber,CAM48185 DOXFBTSCODE002,4/21/2016,4/21/2016,4/18/2016,2,Online Social,Web
Treadclimber,CAM48185 DOXFBTSCODE002,,4/21/2016,4/18/2016,9,Online Social,Web
Treadclimber,CAM48186 DOXFBTSCODE003,4/21/2016,4/21/2016,4/18/2016,4,Online Social,Web
Treadclimber,CAM48186 DOXFBTSCODE003,,4/21/2016,4/18/2016,5,Online Social,Web
Treadclimber,CAM48188 DOXFBTSCODE005,4/21/2016,4/21/2016,4/18/2016,1,Online Social,Web
Treadclimber,CAM48188 DOXFBTSCODE005,,4/21/2016,4/18/2016,1,Online Social,Web
Treadclimber,CAM48189 DOXFBTSCODE006,,4/21/2016,4/18/2016,1,Online Social,Call Center Internal
Bowflex Catalog,CAM48200 SAWDOXFBESCODE,,4/21/2016,4/18/2016,1,Online Social,Call Center Internal
Bowflex Max Trainer,CAM48200 SAWDOXFBESCODE,,4/21/2016,4/18/2016,2,Online Social,Call Center Internal
Treadclimber,CAM48200 SAWDOXFBESCODE,,4/21/2016,4/18/2016,1,Online Social,Call Center Internal
Bowflex Max Trainer,CAM48200 SAWDOXFBESCODE,4/21/2016,4/21/2016,4/18/2016,1,Online Social,Third Party Call Center - Evolve
Bowflex Max Trainer,CAM48202 DOXFBESCODE002,4/21/2016,4/21/2016,4/18/2016,2,Online Social,Web
Bowflex Max Trainer,CAM48202 DOXFBESCODE002,,4/21/2016,4/18/2016,14,Online Social,Web
Treadclimber,CAM48202 DOXFBESCODE002,,4/21/2016,4/18/2016,1,Online Social,Web
Bowflex Max Trainer,CAM48203 DOXFBESCODE003,4/21/2016,4/21/2016,4/18/2016,3,Online Social,Web
Bowflex Max Trainer,CAM48203 DOXFBESCODE003,4/23/2016,4/21/2016,4/18/2016,1,Online Social,Web
Bowflex Max Trainer,CAM48203 DOXFBESCODE003,,4/21/2016,4/18/2016,6,Online Social,Web
Bowflex Max Trainer,CAM48205 DOXFBESCODE005,4/21/2016,4/21/2016,4/18/2016,3,Online Social,Web
Bowflex Max Trainer,CAM48205 DOXFBESCODE005,,4/21/2016,4/18/2016,7,Online Social,Web
Bowflex Selecttech Dumbbells,CAM48207 DOXFBDSCODE001,,4/21/2016,4/18/2016,1,Online Social,Web
Bowflex Selecttech Dumbbells,CAM48208 DOXFBDSCODE002,4/21/2016,4/21/2016,4/18/2016,1,Online Social,Web
Bowflex Selecttech Dumbbells,CAM48208 DOXFBDSCODE002,,4/21/2016,4/18/2016,1,Online Social,Web
Bowflex Selecttech Dumbbells,CAM48209 DOXFBDSCODE003,4/21/2016,4/21/2016,4/18/2016,2,Online Social,Web
Bowflex Selecttech Dumbbells,CAM48209 DOXFBDSCODE003,,4/21/2016,4/18/2016,2,Online Social,Web
Treadclimber,CAM48214 DOXFBGSCODE002,,4/21/2016,4/18/2016,1,Online Social,Web
Bowflex Home Gyms,CAM48217 DOXFBGSCODE005,4/21/2016,4/21/2016,4/18/2016,1,Online Social,Web
Bowflex Max Trainer,CAM48252 DODMAGEDL1,,4/21/2016,4/18/2016,1,Online Display,Web
Treadclimber,CAM48424 AESPL60*HKINGTIC,,4/21/2016,4/18/2016,1,Short Form,Call Center Internal
Treadclimber,CAM48485 USA*N60*HKINGTIC,4/21/2016,4/21/2016,4/18/2016,1,Short Form,Call Center Internal
Treadclimber,CAM48496 HMM*N120HKINGTIC,4/21/2016,4/21/2016,4/18/2016,2,Short Form,Call Center Internal
Treadclimber,CAM48497 ION*N120HKINGTIC,4/21/2016,4/21/2016,4/18/2016,5,Short Form,Call Center Internal
Treadclimber,CAM48498 INSPN120HKINGTIC,4/21/2016,4/21/2016,4/18/2016,2,Short Form,Call Center Internal
Bowflex Max Trainer,CAM48499 SPKEN120HKINGTIC,,4/21/2016,4/18/2016,1,Short Form,Call Center Internal
Treadclimber,CAM48499 SPKEN120HKINGTIC,4/21/2016,4/21/2016,4/18/2016,15,Short Form,Call Center Internal
Treadclimber,CAM48499 SPKEN120HKINGTIC,,4/21/2016,4/18/2016,4,Short Form,Call Center Internal
Treadclimber,CAM48503 BRNGN120HKINGTIC,4/21/2016,4/21/2016,4/18/2016,1,Short Form,Third Party Call Center - Evolve
Treadclimber,CAM48510 TESCN120HKINGTIC,4/21/2016,4/21/2016,4/18/2016,1,Short Form,Call Center Internal
Treadclimber,CAM48510 TESCN120HKINGTIC,,4/21/2016,4/18/2016,1,Short Form,Call Center Internal
Treadclimber,CAM48514 DISEN60*HKINGTIC,4/21/2016,4/21/2016,4/18/2016,1,Short Form,Call Center Internal
Treadclimber,CAM48518 INSPN180HKINGTIC,4/21/2016,4/21/2016,4/18/2016,1,Short Form,Call Center Internal
Treadclimber,CAM48520 DLFEN180HKINGTIC,4/21/2016,4/21/2016,4/18/2016,1,Short Form,Call Center Internal
Treadclimber,CAM48521 HMM*N180HKINGTIC,4/21/2016,4/21/2016,4/18/2016,3,Short Form,Call Center Internal
Treadclimber,CAM48521 HMM*N180HKINGTIC,,4/21/2016,4/18/2016,1,Short Form,Call Center Internal
Treadclimber,CAM48526 P0116WEWATBOOKC,4/21/2016,4/21/2016,4/18/2016,1,Print,Call Center Internal
Treadclimber,CAM48717 P0116PEOPLENICBR,4/21/2016,4/21/2016,4/18/2016,1,Print,Call Center Internal
Bowflex Max Trainer,CAM48728 MX10P60*J14FSTIC,4/21/2016,4/21/2016,4/18/2016,4,Short Form,Third Party Call Center - West
Bowflex Max Trainer,CAM48738 MX20P60*J14FSTIC,4/21/2016,4/21/2016,4/18/2016,1,Short Form,Third Party Call Center - West
Bowflex Max Trainer,CAM48744 FOX*NVODJ14FSTIC,4/21/2016,4/21/2016,4/18/2016,1,Short Form,Call Center Internal
Bowflex Max Trainer,CAM48745 SUNDN120J14FSTIC,4/21/2016,4/21/2016,4/18/2016,1,Short Form,Call Center Internal
Bowflex Max Trainer,CAM48746 VEL*N120J14FSTIC,4/21/2016,4/21/2016,4/18/2016,1,Short Form,Call Center Internal
Treadclimber,CAM48746 VEL*N120J14FSTIC,,4/21/2016,4/18/2016,1,Short Form,Call Center Internal
Bowflex Max Trainer,CAM48748 SPKEN120J14FSTIC,4/21/2016,4/21/2016,4/18/2016,3,Short Form,Call Center Internal
Treadclimber,CAM48748 SPKEN120J14FSTIC,,4/21/2016,4/18/2016,1,Short Form,Call Center Internal
Bowflex Max Trainer,CAM48750 IFC*N120J14FSTIC,4/21/2016,4/21/2016,4/18/2016,3,Short Form,Call Center Internal
Bowflex Max Trainer,CAM48753 RELZN120J14FSTIC,4/21/2016,4/21/2016,4/18/2016,3,Short Form,Call Center Internal
Bowflex Max Trainer,CAM48753 RELZN120J14FSTIC,,4/21/2016,4/18/2016,1,Short Form,Call Center Internal
Treadclimber,CAM48753 RELZN120J14FSTIC,,4/21/2016,4/18/2016,1,Short Form,Call Center Internal
Bowflex Max Trainer,CAM48753 RELZN120J14FSTIC,4/21/2016,4/21/2016,4/18/2016,2,Short Form,Third Party Call Center - Evolve
Bowflex Max Trainer,CAM48755 GRITN120J14FSTIC,4/21/2016,4/21/2016,4/18/2016,3,Short Form,Call Center Internal
Bowflex Max Trainer,CAM48761 EREYN120J14FSTIC,4/21/2016,4/21/2016,4/18/2016,2,Short Form,Call Center Internal
Bowflex Max Trainer,CAM48761 EREYN120J14FSTIC,,4/21/2016,4/18/2016,1,Short Form,Call Center Internal
Bowflex Max Trainer,CAM48764 NMAXN120J14FSTIC,,4/21/2016,4/18/2016,1,Short Form,Call Center Internal
Bowflex Max Trainer,CAM48775 SUNDN180JACFSTIC,,4/21/2016,4/18/2016,3,Short Form,Call Center Internal
Treadclimber,CAM48775 SUNDN180JACFSTIC,,4/21/2016,4/18/2016,2,Short Form,Call Center Internal
Bowflex Max Trainer,CAM48777 VH1CN180JACFSTIC,4/21/2016,4/21/2016,4/18/2016,1,Short Form,Call Center Internal
Bowflex Max Trainer,CAM48778 DTVSN60*J14FSTIC,4/21/2016,4/21/2016,4/18/2016,1,Short Form,Call Center Internal
Bowflex Max Trainer,CAM48779 DISMN60*J14FSTIC,4/21/2016,4/21/2016,4/18/2016,1,Short Form,Call Center Internal
Bowflex Max Trainer,CAM48780 DISNN60*J14FSTIC,,4/21/2016,4/18/2016,1,Short Form,Call Center Internal
Treadclimber,CAM48780 DISNN60*J14FSTIC,,4/21/2016,4/18/2016,1,Short Form,Call Center Internal
Bowflex Max Trainer,CAM48787 CNN*N60*JACKDTIC,4/21/2016,4/21/2016,4/18/2016,1,Short Form,Call Center Internal
Bowflex Max Trainer,CAM48876 DSEESF15A,4/21/2016,4/21/2016,4/18/2016,7,Electronic - Short Form,Web
Bowflex Max Trainer,CAM48876 DSEESF15A,,4/21/2016,4/18/2016,2,Electronic - Short Form,Web
Bowflex Catalog,CAM48920 DCBHOMEWIN16,4/21/2016,4/21/2016,4/18/2016,1,Catalog,Web
Bowflex Catalog,CAM48920 DCBHOMEWIN16,,4/21/2016,4/18/2016,2,Catalog,Web
Bowflex Max Trainer,CAM48920 DCBHOMEWIN16,,4/21/2016,4/18/2016,1,Catalog,Web
Treadclimber,CAM48920 DCBHOMEWIN16,,4/21/2016,4/18/2016,1,Catalog,Web
Treadclimber,CAM48927 DODSTLTDL7,4/21/2016,4/21/2016,4/18/2016,1,Online Display,Web
Treadclimber,CAM48928 DODSTLTDL8,4/21/2016,4/21/2016,4/18/2016,3,Online Display,Web
Treadclimber,CAM48928 DODSTLTDL8,,4/21/2016,4/18/2016,1,Online Display,Web
Bowflex Max Trainer,CAM48967 PALLN5MNHAMFSTIC,4/21/2016,4/21/2016,4/18/2016,1,Short Form,Call Center Internal
Bowflex Max Trainer,CAM48975 DOFG2EFEED2,4/21/2016,4/21/2016,4/18/2016,2,Online Shopping,Web
Bowflex Max Trainer,CAM48975 DOFG2EFEED2,,4/21/2016,4/18/2016,19,Online Shopping,Web
Treadclimber,CAM48975 DOFG2EFEED2,,4/21/2016,4/18/2016,1,Online Shopping,Web
Bowflex Selecttech Dumbbells,CAM48979 DOFG2DFEED2,,4/21/2016,4/18/2016,1,Online Shopping,Web
Bowflex Catalog,CAM48980 DOFG2CFEED3,4/21/2016,4/21/2016,4/18/2016,2,Online Shopping,Web
Bowflex Catalog,CAM48980 DOFG2CFEED3,,4/21/2016,4/18/2016,4,Online Shopping,Web
Bowflex UpperCut,CAM48980 DOFG2CFEED3,,4/21/2016,4/18/2016,1,Online Shopping,Web
Bowflex Home Gyms,CAM49112 DOXFBGSCODE011,4/21/2016,4/21/2016,4/18/2016,1,Online Social,Web
Bowflex Max Trainer,CAM49156 FOXNN120J14FSTIC,4/21/2016,4/21/2016,4/18/2016,2,Short Form,Third Party Call Center - Evolve
Bowflex Max Trainer,CAM49221 PURSN120J14FSTIC,4/21/2016,4/21/2016,4/18/2016,1,Short Form,Call Center Internal
Bowflex Max Trainer,CAM49224 LAFFN5MNHAMFSTIC,4/21/2016,4/21/2016,4/18/2016,1,Short Form,Third Party Call Center - Evolve
Treadclimber,CAM49226 HMM*N120WMN16TIC,4/21/2016,4/21/2016,4/18/2016,1,Short Form,Call Center Internal
Treadclimber,CAM49227 ION*N120BOO16TIC,4/21/2016,4/21/2016,4/18/2016,1,Short Form,Call Center Internal
Treadclimber,CAM49228 INSPN120BOO16TIC,4/21/2016,4/21/2016,4/18/2016,6,Short Form,Call Center Internal
Treadclimber,CAM49228 INSPN120BOO16TIC,,4/21/2016,4/18/2016,1,Short Form,Call Center Internal
Treadclimber,CAM49228 INSPN120BOO16TIC,4/21/2016,4/21/2016,4/18/2016,2,Short Form,Third Party Call Center - Evolve
Treadclimber,CAM49228 INSPN120BOO16TIC,4/21/2016,4/21/2016,4/18/2016,5,Short Form,Third Party Call Center - West
Treadclimber,CAM49229 METVN120BOO16TIC,,4/21/2016,4/18/2016,1,Short Form,Call Center Internal
Treadclimber,CAM49230 BRNGN120WMN16TIC,4/21/2016,4/21/2016,4/18/2016,1,Short Form,Call Center Internal
Treadclimber,CAM49231 GAMEN120BOO16TIC,4/21/2016,4/21/2016,4/18/2016,4,Short Form,Call Center Internal
Treadclimber,CAM49232 DCADN120BOO16TIC,4/21/2016,4/21/2016,4/18/2016,2,Short Form,Call Center Internal
Treadclimber,CAM49233 TESCN120WMN16TIC,4/21/2016,4/21/2016,4/18/2016,1,Short Form,Call Center Internal
Treadclimber,CAM49236 BLAZN120BOO16TIC,4/21/2016,4/21/2016,4/18/2016,2,Short Form,Call Center Internal
Treadclimber,CAM49237 MOVSN120BOO16TIC,4/21/2016,4/21/2016,4/18/2016,1,Short Form,Call Center Internal
Bowflex Max Trainer,CAM49238 P0416ENTWKLYALEX,4/21/2016,4/21/2016,4/18/2016,1,Print,Call Center Internal
Treadclimber,CAM49239 P0416ENTWKLYNICBR,4/21/2016,4/21/2016,4/18/2016,3,Print,Call Center Internal
Bowflex Max Trainer,CAM49246 DODSTLEDL1,,4/21/2016,4/18/2016,2,Online Display,Web
Treadclimber,CAM49246 DODSTLEDL1,,4/21/2016,4/18/2016,1,Online Display,Web
Treadclimber,CAM49292 DSETSF16A,4/21/2016,4/21/2016,4/18/2016,11,Electronic - Short Form,Web
Treadclimber,CAM49292 DSETSF16A,4/26/2016,4/21/2016,4/18/2016,1,Electronic - Short Form,Web
Treadclimber,CAM49292 DSETSF16A,,4/21/2016,4/18/2016,1,Electronic - Short Form,Web
Treadclimber,CAM49293 DSETSF16B,4/21/2016,4/21/2016,4/18/2016,3,Electronic - Short Form,Web
Treadclimber,CAM49293 DSETSF16B,,4/21/2016,4/18/2016,1,Electronic - Short Form,Web
Bowflex Max Trainer,CAM49295 DSEESF16A,4/21/2016,4/21/2016,4/18/2016,2,Electronic - Short Form,Web
Bowflex Max Trainer,CAM49298 DTVAN60*J14FSTIC,4/21/2016,4/21/2016,4/18/2016,1,Short Form,Call Center Internal
Bowflex Max Trainer,CAM49298 DTVAN60*J14FSTIC,,4/21/2016,4/18/2016,1,Short Form,Call Center Internal
Treadclimber,CAM49331 DOXFBTSCODEMOM16,,4/21/2016,4/18/2016,5,Online Social,Web
Treadclimber,CAM6025 SAWWEBTC,4/21/2016,4/21/2016,4/18/2016,1,Electronic - UnSourced,Call Center Internal
Treadclimber,CAM6025 SAWWEBTC,,4/21/2016,4/18/2016,1,Electronic - UnSourced,Call Center Internal
Treadclimber,CAM6025 SAWWEBTC,,4/21/2016,4/18/2016,1,Electronic - UnSourced,Third Party Call Center - Evolve
Treadclimber,CAM6110 SAWGOOGTC,4/21/2016,4/21/2016,4/18/2016,1,Online,Call Center Internal
Treadclimber,CAM6110 SAWGOOGTC,,4/21/2016,4/18/2016,1,Online,Call Center Internal
Bowflex Home Gyms,CAM11920 SAWWEBST,,4/22/2016,4/18/2016,1,Electronic - UnSourced,Call Center Internal
Treadclimber,CAM12351 SAWFROOGTC,,4/22/2016,4/18/2016,1,Online,Call Center Internal
Bowflex Catalog,CAM127 1800BOWFLEX_BFC,4/22/2016,4/22/2016,4/18/2016,2,Electronic - UnSourced,Call Center Internal
Treadclimber,CAM133 1800BOWFLEX_TRC,4/22/2016,4/22/2016,4/18/2016,1,Electronic - UnSourced,Call Center Internal
Treadclimber,CAM16414 DEGBFTRC,4/22/2016,4/22/2016,4/18/2016,4,Electronic - UnSourced,Web
Treadclimber,CAM16414 DEGBFTRC,,4/22/2016,4/18/2016,9,Electronic - UnSourced,Web
Treadclimber,CAM16426 DSETDIR,4/22/2016,4/22/2016,4/18/2016,19,Electronic - Short Form,Web
Treadclimber,CAM16426 DSETDIR,,4/22/2016,4/18/2016,2,Electronic - Short Form,Web
Bowflex Home Gyms,CAM16616 DEGBFBHG,,4/22/2016,4/18/2016,2,Electronic - UnSourced,Web
Bowflex Selecttech Dumbbells,CAM16616 DEGBFBHG,,4/22/2016,4/18/2016,1,Electronic - UnSourced,Web
Bowflex Catalog,CAM23584 degcfootlinkbf,4/22/2016,4/22/2016,4/18/2016,4,Electronic - UnSourced,Web
Bowflex Catalog,CAM23587 degcfootlinktc,4/22/2016,4/22/2016,4/18/2016,7,Electronic - UnSourced,Web
Bowflex Selecttech Dumbbells,CAM23877 degd1sitest,4/22/2016,4/22/2016,4/18/2016,2,Electronic - UnSourced,Web
Bowflex Selecttech Dumbbells,CAM23877 degd1sitest,,4/22/2016,4/18/2016,4,Electronic - UnSourced,Web
Treadclimber,CAM23879 degt1sitetc,4/22/2016,4/22/2016,4/18/2016,3,Electronic - UnSourced,Web
Treadclimber,CAM23879 degt1sitetc,,4/22/2016,4/18/2016,5,Electronic - UnSourced,Web
Bowflex Home Gyms,CAM28157 SALESFOLLOWUP,,4/22/2016,4/18/2016,4,Un-Sourced,Call Center Internal
Bowflex Max Trainer,CAM28157 SALESFOLLOWUP,,4/22/2016,4/18/2016,1,Un-Sourced,Call Center Internal
Treadclimber,CAM28157 SALESFOLLOWUP,,4/22/2016,4/18/2016,2,Un-Sourced,Call Center Internal
Bowflex Home Gyms,CAM28771 degg1siteg,4/22/2016,4/22/2016,4/18/2016,4,Electronic - UnSourced,Web
Bowflex Home Gyms,CAM28771 degg1siteg,,4/22/2016,4/18/2016,4,Electronic - UnSourced,Web
Bowflex Home Gyms,CAM30755 dosg2gsl1,4/22/2016,4/22/2016,4/18/2016,1,Online Search,Web
Bowflex Home Gyms,CAM30755 dosg2gsl1,,4/22/2016,4/18/2016,1,Online Search,Web
Bowflex Selecttech Dumbbells,CAM30793 SAWDOSG2D,,4/22/2016,4/18/2016,1,Online Search,Call Center Internal
Bowflex Home Gyms,CAM30796 SAWDOSG2G,,4/22/2016,4/18/2016,1,Online Search,Call Center Internal
Bowflex Max Trainer,CAM30796 SAWDOSG2G,,4/22/2016,4/18/2016,1,Online Search,Call Center Internal
Bowflex Home Gyms,CAM31080 dosg2ggl1bf,4/22/2016,4/22/2016,4/18/2016,2,Online Search,Web
Bowflex Home Gyms,CAM31080 dosg2ggl1bf,,4/22/2016,4/18/2016,6,Online Search,Web
Bowflex Selecttech Dumbbells,CAM31080 dosg2ggl1bf,,4/22/2016,4/18/2016,1,Online Search,Web
Treadclimber,CAM31080 dosg2ggl1bf,,4/22/2016,4/18/2016,1,Online Search,Web
Treadclimber,CAM31082 dosg2tgl1tc,,4/22/2016,4/18/2016,1,Online Search,Web
Bowflex Home Gyms,CAM32136 deggbhg,,4/22/2016,4/18/2016,3,Electronic - UnSourced,Web
Bowflex Revolution,CAM32136 deggbhg,,4/22/2016,4/18/2016,1,Electronic - UnSourced,Web
Bowflex Catalog,CAM32308 SAWDOSMSNC,,4/22/2016,4/18/2016,1,Online Search,Call Center Internal
Bowflex Home Gyms,CAM32308 SAWDOSMSNC,,4/22/2016,4/18/2016,1,Online Search,Call Center Internal
Bowflex Catalog,CAM32376 dosg2csl1,4/22/2016,4/22/2016,4/18/2016,1,Online Search,Web
Bowflex Catalog,CAM32376 dosg2csl1,,4/22/2016,4/18/2016,3,Online Search,Web
Bowflex Max Trainer,CAM32376 dosg2csl1,,4/22/2016,4/18/2016,1,Online Search,Web
Schwinn,CAM32376 dosg2csl1,,4/22/2016,4/18/2016,1,Online Search,Web
Treadclimber,CAM32376 dosg2csl1,,4/22/2016,4/18/2016,1,Online Search,Web
Bowflex Catalog,CAM32380 dosmsncsl1,,4/22/2016,4/18/2016,2,Online Search,Web
Bowflex Home Gyms,CAM32380 dosmsncsl1,,4/22/2016,4/18/2016,1,Online Search,Web
Treadclimber,CAM32595 SAWDOSBIT,,4/22/2016,4/18/2016,2,Online Search,Call Center Internal
Treadclimber,CAM32607 dosg2gad2,,4/22/2016,4/18/2016,1,Online Search,Web
Bowflex Home Gyms,CAM32678 dosg2dgl1st,,4/22/2016,4/18/2016,1,Online Search,Web
Bowflex Selecttech Dumbbells,CAM32678 dosg2dgl1st,5/2/2016,4/22/2016,4/18/2016,1,Online Search,Web
Bowflex Selecttech Dumbbells,CAM32678 dosg2dgl1st,,4/22/2016,4/18/2016,6,Online Search,Web
Treadclimber,CAM33117 dosg2tmobile,4/22/2016,4/22/2016,4/18/2016,9,Online Search,Web
Treadclimber,CAM33117 dosg2tmobile,,4/22/2016,4/18/2016,1,Online Search,Web
Bowflex Catalog,CAM33966 dofg2cfeed1,,4/22/2016,4/18/2016,2,Online Shopping,Web
Bowflex Selecttech Dumbbells,CAM33966 dofg2cfeed1,,4/22/2016,4/18/2016,1,Online Shopping,Web
Bowflex Selecttech Dumbbells,CAM34888 degdbst,,4/22/2016,4/18/2016,4,Electronic - UnSourced,Web
Treadclimber,CAM36104 SAWSF11E,,4/22/2016,4/18/2016,1,Electronic - Short Form,Call Center Internal
Treadclimber,CAM36206 dosg2tsl7,4/22/2016,4/22/2016,4/18/2016,1,Online Search,Web
Treadclimber,CAM36298 dsetsf11g,4/22/2016,4/22/2016,4/18/2016,15,Electronic - Short Form,Web
Treadclimber,CAM36298 dsetsf11g,,4/22/2016,4/18/2016,1,Electronic - Short Form,Web
Treadclimber,CAM36435 dsetsf11h,4/22/2016,4/22/2016,4/18/2016,1,Electronic - Short Form,Web
Treadclimber,CAM36605 SAWSF12A,4/22/2016,4/22/2016,4/18/2016,1,Electronic - Short Form,Call Center Internal
Treadclimber,CAM36608 dsetsf12a,4/22/2016,4/22/2016,4/18/2016,48,Electronic - Short Form,Web
Treadclimber,CAM36608 dsetsf12a,4/23/2016,4/22/2016,4/18/2016,1,Electronic - Short Form,Web
Treadclimber,CAM36608 dsetsf12a,4/26/2016,4/22/2016,4/18/2016,2,Electronic - Short Form,Web
Treadclimber,CAM36608 dsetsf12a,,4/22/2016,4/18/2016,7,Electronic - Short Form,Web
Treadclimber,CAM36797 dpetprint12a,4/22/2016,4/22/2016,4/18/2016,1,Electronic - Print,Web
Bowflex Selecttech Dumbbells,CAM37106 dosbidsl5,,4/22/2016,4/18/2016,1,Online Search,Web
Bowflex Home Gyms,CAM37434 dosg2gsl29,4/22/2016,4/22/2016,4/18/2016,4,Online Search,Web
Bowflex Home Gyms,CAM37434 dosg2gsl29,,4/22/2016,4/18/2016,1,Online Search,Web
Treadclimber,CAM37440 dosg2tsl21,4/22/2016,4/22/2016,4/18/2016,2,Online Search,Web
Treadclimber,CAM37440 dosg2tsl21,,4/22/2016,4/18/2016,5,Online Search,Web
Treadclimber,CAM37443 dosg2tsl24,,4/22/2016,4/18/2016,1,Online Search,Web
Treadclimber,CAM37493 dosbitsl6,4/22/2016,4/22/2016,4/18/2016,1,Online Search,Web
Treadclimber,CAM37655 dosbitsl10,,4/22/2016,4/18/2016,3,Online Search,Web
Bowflex Home Gyms,CAM37743 dosbigsl6,,4/22/2016,4/18/2016,1,Online Search,Web
Treadclimber,CAM38447 dodrftdl1,,4/22/2016,4/18/2016,1,Online Display,Web
Treadclimber,CAM38842 dosg2tsl27,4/22/2016,4/22/2016,4/18/2016,9,Online Search,Web
Bowflex Selecttech Dumbbells,CAM39081 dodrfddl1,4/22/2016,4/22/2016,4/18/2016,1,Online Display,Web
Treadclimber,CAM39391 dodrftdl4,4/22/2016,4/22/2016,4/18/2016,3,Online Display,Web
Bowflex Selecttech Dumbbells,CAM39439 dosbidgl1st,,4/22/2016,4/18/2016,2,Online Search,Web
Treadclimber,CAM39442 dosbitgl1tc,,4/22/2016,4/18/2016,2,Online Search,Web
Bowflex Catalog,CAM40820 1800BFXCATALOG,4/22/2016,4/22/2016,4/18/2016,1,Un-Sourced,Call Center Internal
Bowflex Home Gyms,CAM40821 1800BOWFLEX,4/22/2016,4/22/2016,4/18/2016,1,Un-Sourced,Call Center Internal
Treadclimber,CAM40825 1800TREADCLIMBER,4/22/2016,4/22/2016,4/18/2016,3,Un-Sourced,Call Center Internal
Bowflex Catalog,CAM41189 degemax,,4/22/2016,4/18/2016,1,Electronic - UnSourced,Web
Bowflex Max Trainer,CAM41189 degemax,4/22/2016,4/22/2016,4/18/2016,27,Electronic - UnSourced,Web
Bowflex Max Trainer,CAM41189 degemax,,4/22/2016,4/18/2016,26,Electronic - UnSourced,Web
Treadclimber,CAM41189 degemax,,4/22/2016,4/18/2016,4,Electronic - UnSourced,Web
Treadclimber,CAM43666 dosg2tmobile4,4/22/2016,4/22/2016,4/18/2016,5,Online Search,Web
Treadclimber,CAM43666 dosg2tmobile4,,4/22/2016,4/18/2016,6,Online Search,Web
Treadclimber,CAM43683 dosbitsl14,4/22/2016,4/22/2016,4/18/2016,5,Online Search,Web
Treadclimber,CAM43804 dosg2tmobile6,4/22/2016,4/22/2016,4/18/2016,3,Online Search,Web
Treadclimber,CAM43804 dosg2tmobile6,,4/22/2016,4/18/2016,5,Online Search,Web
Treadclimber,CAM44065 SAWDOSG2TMOBILE2,4/22/2016,4/22/2016,4/18/2016,2,Online Search,Call Center Internal
Treadclimber,CAM44108 dosbitsl13,4/22/2016,4/22/2016,4/18/2016,1,Online Search,Web
Bowflex Max Trainer,CAM44172 dseesf14a,4/22/2016,4/22/2016,4/18/2016,34,Electronic - Short Form,Web
Bowflex Max Trainer,CAM44172 dseesf14a,,4/22/2016,4/18/2016,10,Electronic - Short Form,Web
Bowflex Max Trainer,CAM44191 dseesf14d,4/22/2016,4/22/2016,4/18/2016,3,Electronic - Short Form,Web
Bowflex Max Trainer,CAM44213 dseesf14b,4/22/2016,4/22/2016,4/18/2016,1,Electronic - Short Form,Web
Bowflex Catalog,CAM44215 SAWDSEESF14A,,4/22/2016,4/18/2016,1,Electronic - Short Form,Call Center Internal
Bowflex Max Trainer,CAM44215 SAWDSEESF14A,,4/22/2016,4/18/2016,1,Electronic - Short Form,Call Center Internal
Bowflex Selecttech Dumbbells,CAM44215 SAWDSEESF14A,,4/22/2016,4/18/2016,2,Electronic - Short Form,Call Center Internal
Bowflex Max Trainer,CAM44223 SAWDOSBIE,,4/22/2016,4/18/2016,3,Online Search,Call Center Internal
Treadclimber,CAM44223 SAWDOSBIE,,4/22/2016,4/18/2016,1,Online Search,Call Center Internal
Treadclimber,CAM44223 SAWDOSBIE,,4/22/2016,4/18/2016,1,Online Search,Third Party Call Center - Evolve
Bowflex Max Trainer,CAM44230 SAWDOSG2E,,4/22/2016,4/18/2016,9,Online Search,Call Center Internal
Treadclimber,CAM44230 SAWDOSG2E,,4/22/2016,4/18/2016,2,Online Search,Call Center Internal
Bowflex Max Trainer,CAM44230 SAWDOSG2E,4/22/2016,4/22/2016,4/18/2016,1,Online Search,Third Party Call Center - Evolve
Bowflex Max Trainer,CAM44230 SAWDOSG2E,,4/22/2016,4/18/2016,1,Online Search,Third Party Call Center - Evolve
Treadclimber,CAM44230 SAWDOSG2E,,4/22/2016,4/18/2016,1,Online Search,Third Party Call Center - Evolve
Bowflex Max Trainer,CAM44236 SAWMAX,4/22/2016,4/22/2016,4/18/2016,1,Electronic - UnSourced,Call Center Internal
Bowflex Max Trainer,CAM44236 SAWMAX,,4/22/2016,4/18/2016,3,Electronic - UnSourced,Call Center Internal
Bowflex Selecttech Dumbbells,CAM44236 SAWMAX,,4/22/2016,4/18/2016,1,Electronic - UnSourced,Call Center Internal
Treadclimber,CAM44236 SAWMAX,,4/22/2016,4/18/2016,3,Electronic - UnSourced,Call Center Internal
Treadclimber,CAM44236 SAWMAX,,4/22/2016,4/18/2016,1,Electronic - UnSourced,Third Party Call Center - Evolve
Bowflex Max Trainer,CAM44429 dosbiesl1,4/22/2016,4/22/2016,4/18/2016,9,Online Search,Web
Bowflex Max Trainer,CAM44429 dosbiesl1,,4/22/2016,4/18/2016,6,Online Search,Web
Treadclimber,CAM44429 dosbiesl1,,4/22/2016,4/18/2016,2,Online Search,Web
Bowflex Max Trainer,CAM44433 dege1sitemx,4/22/2016,4/22/2016,4/18/2016,8,Electronic - UnSourced,Web
Bowflex Max Trainer,CAM44433 dege1sitemx,,4/22/2016,4/18/2016,19,Electronic - UnSourced,Web
Treadclimber,CAM44433 dege1sitemx,,4/22/2016,4/18/2016,4,Electronic - UnSourced,Web
Treadclimber,CAM44435 dosg2egl1mx,,4/22/2016,4/18/2016,1,Online Search,Call Center Internal
Bowflex Max Trainer,CAM44435 dosg2egl1mx,4/22/2016,4/22/2016,4/18/2016,7,Online Search,Web
Bowflex Max Trainer,CAM44435 dosg2egl1mx,,4/22/2016,4/18/2016,15,Online Search,Web
Treadclimber,CAM44435 dosg2egl1mx,,4/22/2016,4/18/2016,2,Online Search,Web
Bowflex Max Trainer,CAM44436 dosg2esl2,4/22/2016,4/22/2016,4/18/2016,8,Online Search,Web
Treadclimber,CAM44450 dofbitfeed2,4/22/2016,4/22/2016,4/18/2016,1,Online Shopping,Web
Treadclimber,CAM44450 dofbitfeed2,,4/22/2016,4/18/2016,1,Online Shopping,Web
Bowflex Max Trainer,CAM44497 dosg2esl1,4/22/2016,4/22/2016,4/18/2016,9,Online Search,Web
Bowflex Max Trainer,CAM44497 dosg2esl1,,4/22/2016,4/18/2016,21,Online Search,Web
Treadclimber,CAM44497 dosg2esl1,,4/22/2016,4/18/2016,3,Online Search,Web
Bowflex Catalog,CAM44520 dosbiegl1mx,,4/22/2016,4/18/2016,1,Online Search,Web
Bowflex Max Trainer,CAM44520 dosbiegl1mx,4/22/2016,4/22/2016,4/18/2016,4,Online Search,Web
Bowflex Max Trainer,CAM44520 dosbiegl1mx,,4/22/2016,4/18/2016,7,Online Search,Web
Treadclimber,CAM44520 dosbiegl1mx,,4/22/2016,4/18/2016,3,Online Search,Web
Bowflex Catalog,CAM44539 SAWDOSG2EMOBILE2,,4/22/2016,4/18/2016,1,Online Search,Call Center Internal
Bowflex Max Trainer,CAM44539 SAWDOSG2EMOBILE2,,4/22/2016,4/18/2016,2,Online Search,Call Center Internal
Treadclimber,CAM44539 SAWDOSG2EMOBILE2,,4/22/2016,4/18/2016,1,Online Search,Call Center Internal
Bowflex Max Trainer,CAM44539 SAWDOSG2EMOBILE2,4/22/2016,4/22/2016,4/18/2016,1,Online Search,Third Party Call Center - Evolve
Bowflex Max Trainer,CAM44551 dosg2esl4,4/22/2016,4/22/2016,4/18/2016,2,Online Search,Web
Bowflex Max Trainer,CAM44551 dosg2esl4,,4/22/2016,4/18/2016,1,Online Search,Web
Bowflex Max Trainer,CAM44560 dosg2esl5,4/22/2016,4/22/2016,4/18/2016,2,Online Search,Web
Bowflex Max Trainer,CAM44560 dosg2esl5,5/3/2016,4/22/2016,4/18/2016,1,Online Search,Web
Bowflex Max Trainer,CAM44560 dosg2esl5,,4/22/2016,4/18/2016,10,Online Search,Web
Treadclimber,CAM44560 dosg2esl5,,4/22/2016,4/18/2016,1,Online Search,Web
Bowflex Max Trainer,CAM44567 dosg2esl3,,4/22/2016,4/18/2016,1,Online Search,Web
Bowflex Max Trainer,CAM44626 1800BOWFLEX_BMT,4/22/2016,4/22/2016,4/18/2016,2,Electronic - UnSourced,Call Center Internal
Bowflex Selecttech Dumbbells,CAM44678 dosg2dsl21,,4/22/2016,4/18/2016,2,Online Search,Web
Bowflex Max Trainer,CAM44887 dofg2efeed1,,4/22/2016,4/18/2016,6,Online Shopping,Web
Treadclimber,CAM44887 dofg2efeed1,,4/22/2016,4/18/2016,2,Online Shopping,Web
Bowflex Max Trainer,CAM44948 dofbiefeed1,,4/22/2016,4/18/2016,2,Online Shopping,Web
Bowflex Max Trainer,CAM44952 dosbieml1,4/22/2016,4/22/2016,4/18/2016,4,Online Search,Web
Bowflex Max Trainer,CAM44952 dosbieml1,,4/22/2016,4/18/2016,1,Online Search,Web
Treadclimber,CAM45009 dosg2eml1,,4/22/2016,4/18/2016,1,Online Search,Call Center Internal
Bowflex Max Trainer,CAM45009 dosg2eml1,4/22/2016,4/22/2016,4/18/2016,23,Online Search,Web
Bowflex Max Trainer,CAM45009 dosg2eml1,,4/22/2016,4/18/2016,27,Online Search,Web
Treadclimber,CAM45009 dosg2eml1,,4/22/2016,4/18/2016,3,Online Search,Web
Bowflex Max Trainer,CAM45043 SAWDOFG2E,4/22/2016,4/22/2016,4/18/2016,1,Online Shopping,Call Center Internal
Bowflex Max Trainer,CAM45043 SAWDOFG2E,,4/22/2016,4/18/2016,2,Online Shopping,Call Center Internal
Bowflex Max Trainer,CAM45327 1800MAXTRAINER,4/22/2016,4/22/2016,4/18/2016,2,Un-Sourced,Call Center Internal
Bowflex Max Trainer,CAM45327 1800MAXTRAINER,,4/22/2016,4/18/2016,4,Un-Sourced,Call Center Internal
Treadclimber,CAM45327 1800MAXTRAINER,,4/22/2016,4/18/2016,4,Un-Sourced,Call Center Internal
Bowflex Max Trainer,CAM45387 DSEESF14E,4/22/2016,4/22/2016,4/18/2016,6,Electronic - Short Form,Web
Bowflex Max Trainer,CAM45388 DSEESF14F,4/22/2016,4/22/2016,4/18/2016,1,Electronic - Short Form,Web
Bowflex Max Trainer,CAM45388 DSEESF14F,,4/22/2016,4/18/2016,2,Electronic - Short Form,Web
Bowflex Max Trainer,CAM45729 DOSG2ESL6,,4/22/2016,4/18/2016,1,Online Search,Web
Bowflex Max Trainer,CAM45730 DOSG2ESL7,,4/22/2016,4/18/2016,3,Online Search,Web
Bowflex Max Trainer,CAM45731 DOSBIESL6,4/22/2016,4/22/2016,4/18/2016,1,Online Search,Web
Bowflex Max Trainer,CAM45731 DOSBIESL6,,4/22/2016,4/18/2016,1,Online Search,Web
Bowflex Max Trainer,CAM45798 DSEESF14H,4/22/2016,4/22/2016,4/18/2016,16,Electronic - Short Form,Web
Bowflex Max Trainer,CAM45798 DSEESF14H,,4/22/2016,4/18/2016,4,Electronic - Short Form,Web
Treadclimber,CAM45852 DOSG2TSL32,4/22/2016,4/22/2016,4/18/2016,3,Online Search,Web
Treadclimber,CAM45852 DOSG2TSL32,,4/22/2016,4/18/2016,2,Online Search,Web
Bowflex Max Trainer,CAM45898 DOXFBERESPONSE,4/22/2016,4/22/2016,4/18/2016,1,Online Social,Web
Treadclimber,CAM46146 DOSBITSL17,4/22/2016,4/22/2016,4/18/2016,1,Online Search,Web
Treadclimber,CAM46146 DOSBITSL17,,4/22/2016,4/18/2016,1,Online Search,Web
Bowflex Max Trainer,CAM47150 DOSG2ESL9,,4/22/2016,4/18/2016,3,Online Search,Web
Treadclimber,CAM47150 DOSG2ESL9,,4/22/2016,4/18/2016,1,Online Search,Web
Bowflex Max Trainer,CAM47151 DOSG2EML2,4/22/2016,4/22/2016,4/18/2016,6,Online Search,Web
Bowflex Max Trainer,CAM47151 DOSG2EML2,,4/22/2016,4/18/2016,2,Online Search,Web
Bowflex Max Trainer,CAM47152 DOSBIESL8,4/22/2016,4/22/2016,4/18/2016,2,Online Search,Web
Bowflex Max Trainer,CAM47152 DOSBIESL8,,4/22/2016,4/18/2016,1,Online Search,Web
Bowflex Max Trainer,CAM47239 SAWDODCTOE,4/22/2016,4/22/2016,4/18/2016,1,Online Display,Call Center Internal
Bowflex Home Gyms,CAM47243 SAWDODCTOG,,4/22/2016,4/18/2016,1,Online Display,Call Center Internal
Bowflex Max Trainer,CAM47251 DODCTOEDL2,4/22/2016,4/22/2016,4/18/2016,12,Online Display,Web
Bowflex Max Trainer,CAM47251 DODCTOEDL2,,4/22/2016,4/18/2016,10,Online Display,Web
Treadclimber,CAM47251 DODCTOEDL2,,4/22/2016,4/18/2016,3,Online Display,Web
Treadclimber,CAM47254 DODCTOTDL1,4/22/2016,4/22/2016,4/18/2016,3,Online Display,Web
Bowflex Home Gyms,CAM47260 DODCTOGDL1,4/22/2016,4/22/2016,4/18/2016,2,Online Display,Web
Bowflex Home Gyms,CAM47265 DOSG2GSL38,4/22/2016,4/22/2016,4/18/2016,1,Online Search,Web
Treadclimber,CAM47719 DOVTMTVL1,,4/22/2016,4/18/2016,1,Online Video,Call Center Internal
Bowflex Catalog,CAM47779 DCBHOMESUMOFFR15,,4/22/2016,4/18/2016,1,Catalog,Web
Treadclimber,CAM47779 DCBHOMESUMOFFR15,,4/22/2016,4/18/2016,1,Catalog,Web
Treadclimber,CAM48177 P1115WEBMDDCOLBDY,4/22/2016,4/22/2016,4/18/2016,1,Print,Call Center Internal
Treadclimber,CAM48184 DOXFBTSCODE001,,4/22/2016,4/18/2016,1,Online Social,Web
Treadclimber,CAM48185 DOXFBTSCODE002,4/22/2016,4/22/2016,4/18/2016,1,Online Social,Web
Treadclimber,CAM48185 DOXFBTSCODE002,,4/22/2016,4/18/2016,5,Online Social,Web
Treadclimber,CAM48186 DOXFBTSCODE003,4/22/2016,4/22/2016,4/18/2016,11,Online Social,Web
Treadclimber,CAM48188 DOXFBTSCODE005,4/22/2016,4/22/2016,4/18/2016,2,Online Social,Web
Treadclimber,CAM48188 DOXFBTSCODE005,,4/22/2016,4/18/2016,1,Online Social,Web
Bowflex Max Trainer,CAM48200 SAWDOXFBESCODE,,4/22/2016,4/18/2016,1,Online Social,Call Center Internal
Treadclimber,CAM48200 SAWDOXFBESCODE,,4/22/2016,4/18/2016,1,Online Social,Call Center Internal
Bowflex Max Trainer,CAM48200 SAWDOXFBESCODE,,4/22/2016,4/18/2016,1,Online Social,Third Party Call Center - Evolve
Bowflex Max Trainer,CAM48202 DOXFBESCODE002,4/22/2016,4/22/2016,4/18/2016,1,Online Social,Web
Bowflex Max Trainer,CAM48202 DOXFBESCODE002,,4/22/2016,4/18/2016,11,Online Social,Web
Treadclimber,CAM48202 DOXFBESCODE002,,4/22/2016,4/18/2016,1,Online Social,Web
Bowflex Max Trainer,CAM48203 DOXFBESCODE003,4/22/2016,4/22/2016,4/18/2016,2,Online Social,Web
Bowflex Max Trainer,CAM48203 DOXFBESCODE003,,4/22/2016,4/18/2016,3,Online Social,Web
Treadclimber,CAM48203 DOXFBESCODE003,,4/22/2016,4/18/2016,1,Online Social,Web
Bowflex Max Trainer,CAM48205 DOXFBESCODE005,4/22/2016,4/22/2016,4/18/2016,3,Online Social,Web
Bowflex Max Trainer,CAM48205 DOXFBESCODE005,,4/22/2016,4/18/2016,2,Online Social,Web
Bowflex Selecttech Dumbbells,CAM48208 DOXFBDSCODE002,4/22/2016,4/22/2016,4/18/2016,1,Online Social,Web
Bowflex Selecttech Dumbbells,CAM48208 DOXFBDSCODE002,,4/22/2016,4/18/2016,4,Online Social,Web
Bowflex Selecttech Dumbbells,CAM48209 DOXFBDSCODE003,4/22/2016,4/22/2016,4/18/2016,3,Online Social,Web
Bowflex Selecttech Dumbbells,CAM48209 DOXFBDSCODE003,,4/22/2016,4/18/2016,1,Online Social,Web
Bowflex Home Gyms,CAM48212 SAWDOXFBGSCODE,4/22/2016,4/22/2016,4/18/2016,1,Online Social,Call Center Internal
Bowflex Home Gyms,CAM48215 DOXFBGSCODE003,,4/22/2016,4/18/2016,1,Online Social,Web
Bowflex Home Gyms,CAM48217 DOXFBGSCODE005,4/22/2016,4/22/2016,4/18/2016,1,Online Social,Web
Treadclimber,CAM48497 ION*N120HKINGTIC,4/22/2016,4/22/2016,4/18/2016,2,Short Form,Call Center Internal
Treadclimber,CAM48497 ION*N120HKINGTIC,,4/22/2016,4/18/2016,1,Short Form,Call Center Internal
Treadclimber,CAM48498 INSPN120HKINGTIC,4/22/2016,4/22/2016,4/18/2016,3,Short Form,Call Center Internal
Treadclimber,CAM48498 INSPN120HKINGTIC,,4/22/2016,4/18/2016,1,Short Form,Call Center Internal
Treadclimber,CAM48499 SPKEN120HKINGTIC,4/22/2016,4/22/2016,4/18/2016,3,Short Form,Call Center Internal
Treadclimber,CAM48499 SPKEN120HKINGTIC,,4/22/2016,4/18/2016,1,Short Form,Call Center Internal
Treadclimber,CAM48501 METVN120HKINGTIC,4/22/2016,4/22/2016,4/18/2016,8,Short Form,Call Center Internal
Treadclimber,CAM48503 BRNGN120HKINGTIC,4/22/2016,4/22/2016,4/18/2016,1,Short Form,Call Center Internal
Treadclimber,CAM48510 TESCN120HKINGTIC,4/22/2016,4/22/2016,4/18/2016,1,Short Form,Call Center Internal
Treadclimber,CAM48514 DISEN60*HKINGTIC,4/22/2016,4/22/2016,4/18/2016,1,Short Form,Call Center Internal
Treadclimber,CAM48517 LMN*N60*HKINGTIC,4/22/2016,4/22/2016,4/18/2016,4,Short Form,Call Center Internal
Treadclimber,CAM48517 LMN*N60*HKINGTIC,,4/22/2016,4/18/2016,1,Short Form,Call Center Internal
Treadclimber,CAM48517 LMN*N60*HKINGTIC,,4/22/2016,4/18/2016,1,Short Form,Third Party Call Center - Evolve
Treadclimber,CAM48518 INSPN180HKINGTIC,4/22/2016,4/22/2016,4/18/2016,5,Short Form,Call Center Internal
Treadclimber,CAM48518 INSPN180HKINGTIC,,4/22/2016,4/18/2016,2,Short Form,Call Center Internal
Treadclimber,CAM48518 INSPN180HKINGTIC,4/22/2016,4/22/2016,4/18/2016,1,Short Form,Third Party Call Center - Evolve
Treadclimber,CAM48520 DLFEN180HKINGTIC,4/22/2016,4/22/2016,4/18/2016,3,Short Form,Call Center Internal
Treadclimber,CAM48521 HMM*N180HKINGTIC,4/22/2016,4/22/2016,4/18/2016,2,Short Form,Call Center Internal
Bowflex Max Trainer,CAM48694 DPEEPRINT15E,4/22/2016,4/22/2016,4/18/2016,1,Electronic - Print,Web
Bowflex Max Trainer,CAM48730 MX12P60*J14FSTIC,4/22/2016,4/22/2016,4/18/2016,1,Short Form,Third Party Call Center - West
Bowflex Max Trainer,CAM48738 MX20P60*J14FSTIC,4/22/2016,4/22/2016,4/18/2016,2,Short Form,Third Party Call Center - West
Bowflex Max Trainer,CAM48740 MX22P60*J14FSTIC,4/22/2016,4/22/2016,4/18/2016,1,Short Form,Third Party Call Center - West
Bowflex Max Trainer,CAM48748 SPKEN120J14FSTIC,4/22/2016,4/22/2016,4/18/2016,18,Short Form,Call Center Internal
Bowflex Max Trainer,CAM48748 SPKEN120J14FSTIC,,4/22/2016,4/18/2016,1,Short Form,Call Center Internal
Treadclimber,CAM48748 SPKEN120J14FSTIC,,4/22/2016,4/18/2016,2,Short Form,Call Center Internal
Bowflex Max Trainer,CAM48750 IFC*N120J14FSTIC,4/22/2016,4/22/2016,4/18/2016,2,Short Form,Call Center Internal
Bowflex Max Trainer,CAM48751 ION*N120J14FSTIC,4/22/2016,4/22/2016,4/18/2016,2,Short Form,Call Center Internal
Bowflex Max Trainer,CAM48751 ION*N120J14FSTIC,4/22/2016,4/22/2016,4/18/2016,1,Short Form,Third Party Call Center - Evolve
Bowflex Max Trainer,CAM48752 WNATN120J14FSTIC,4/22/2016,4/22/2016,4/18/2016,1,Short Form,Call Center Internal
Bowflex Max Trainer,CAM48753 RELZN120J14FSTIC,4/22/2016,4/22/2016,4/18/2016,2,Short Form,Third Party Call Center - Evolve
Bowflex Max Trainer,CAM48753 RELZN120J14FSTIC,4/22/2016,4/22/2016,4/18/2016,1,Short Form,Third Party Call Center - West
Bowflex Max Trainer,CAM48754 JUSTN120J14FSTIC,4/22/2016,4/22/2016,4/18/2016,3,Short Form,Third Party Call Center - Evolve
Bowflex Max Trainer,CAM48755 GRITN120J14FSTIC,4/22/2016,4/22/2016,4/18/2016,4,Short Form,Call Center Internal
Bowflex Max Trainer,CAM48760 ODORN120J14FSTIC,4/22/2016,4/22/2016,4/18/2016,2,Short Form,Third Party Call Center - Evolve
Bowflex Max Trainer,CAM48775 SUNDN180JACFSTIC,4/22/2016,4/22/2016,4/18/2016,3,Short Form,Call Center Internal
Bowflex Max Trainer,CAM48778 DTVSN60*J14FSTIC,4/22/2016,4/22/2016,4/18/2016,1,Short Form,Call Center Internal
Bowflex Max Trainer,CAM48779 DISMN60*J14FSTIC,4/22/2016,4/22/2016,4/18/2016,1,Short Form,Call Center Internal
Bowflex Max Trainer,CAM48793 HERON5MNHAMFSTIC,,4/22/2016,4/18/2016,1,Short Form,Call Center Internal
Treadclimber,CAM48793 HERON5MNHAMFSTIC,,4/22/2016,4/18/2016,1,Short Form,Call Center Internal
Bowflex Max Trainer,CAM48793 HERON5MNHAMFSTIC,4/22/2016,4/22/2016,4/18/2016,2,Short Form,Third Party Call Center - Evolve
Bowflex Max Trainer,CAM48796 DESTN5MNHAMFSTIC,4/22/2016,4/22/2016,4/18/2016,1,Short Form,Third Party Call Center - Evolve
Treadclimber,CAM48811 MOVSN120HKINGTIC,4/22/2016,4/22/2016,4/18/2016,1,Short Form,Call Center Internal
Bowflex Max Trainer,CAM48876 DSEESF15A,4/22/2016,4/22/2016,4/18/2016,5,Electronic - Short Form,Web
Bowflex Max Trainer,CAM48876 DSEESF15A,,4/22/2016,4/18/2016,2,Electronic - Short Form,Web
Treadclimber,CAM48876 DSEESF15A,,4/22/2016,4/18/2016,2,Electronic - Short Form,Web
Bowflex Catalog,CAM48920 DCBHOMEWIN16,4/22/2016,4/22/2016,4/18/2016,2,Catalog,Web
Bowflex Catalog,CAM48920 DCBHOMEWIN16,,4/22/2016,4/18/2016,6,Catalog,Web
Bowflex Max Trainer,CAM48920 DCBHOMEWIN16,,4/22/2016,4/18/2016,2,Catalog,Web
Treadclimber,CAM48920 DCBHOMEWIN16,,4/22/2016,4/18/2016,1,Catalog,Web
Treadclimber,CAM48928 DODSTLTDL8,4/22/2016,4/22/2016,4/18/2016,1,Online Display,Web
Treadclimber,CAM48973 DOFG2TFEED2,,4/22/2016,4/18/2016,1,Online Shopping,Web
Bowflex Max Trainer,CAM48975 DOFG2EFEED2,4/22/2016,4/22/2016,4/18/2016,1,Online Shopping,Web
Bowflex Max Trainer,CAM48975 DOFG2EFEED2,4/25/2016,4/22/2016,4/18/2016,1,Online Shopping,Web
Bowflex Max Trainer,CAM48975 DOFG2EFEED2,,4/22/2016,4/18/2016,18,Online Shopping,Web
Treadclimber,CAM48975 DOFG2EFEED2,,4/22/2016,4/18/2016,3,Online Shopping,Web
Bowflex Home Gyms,CAM48977 DOFG2GFEED2,4/22/2016,4/22/2016,4/18/2016,1,Online Shopping,Web
Bowflex Catalog,CAM48980 DOFG2CFEED3,,4/22/2016,4/18/2016,2,Online Shopping,Web
Bowflex Home Gyms,CAM48980 DOFG2CFEED3,,4/22/2016,4/18/2016,1,Online Shopping,Web
Bowflex Home Gyms,CAM49112 DOXFBGSCODE011,4/22/2016,4/22/2016,4/18/2016,1,Online Social,Web
Bowflex Max Trainer,CAM49142 MX26P60*J14FSTIC,4/22/2016,4/22/2016,4/18/2016,1,Short Form,Third Party Call Center - West
Bowflex Max Trainer,CAM49147 MX31P60*J14FSTIC,4/22/2016,4/22/2016,4/18/2016,1,Short Form,Third Party Call Center - West
Bowflex Max Trainer,CAM49156 FOXNN120J14FSTIC,4/22/2016,4/22/2016,4/18/2016,1,Short Form,Third Party Call Center - Evolve
Treadclimber,CAM49206 P05161STWMNLACY,,4/22/2016,4/18/2016,1,Print,Call Center Internal
Treadclimber,CAM49209 DOXFBTSCODESPD16,,4/22/2016,4/18/2016,1,Online Social,Web
Bowflex Max Trainer,CAM49221 PURSN120J14FSTIC,4/22/2016,4/22/2016,4/18/2016,3,Short Form,Call Center Internal
Bowflex Max Trainer,CAM49221 PURSN120J14FSTIC,,4/22/2016,4/18/2016,1,Short Form,Call Center Internal
Treadclimber,CAM49226 HMM*N120WMN16TIC,4/22/2016,4/22/2016,4/18/2016,1,Short Form,Call Center Internal
Treadclimber,CAM49227 ION*N120BOO16TIC,4/22/2016,4/22/2016,4/18/2016,15,Short Form,Call Center Internal
Treadclimber,CAM49228 INSPN120BOO16TIC,4/22/2016,4/22/2016,4/18/2016,3,Short Form,Call Center Internal
Treadclimber,CAM49228 INSPN120BOO16TIC,,4/22/2016,4/18/2016,1,Short Form,Call Center Internal
Treadclimber,CAM49230 BRNGN120WMN16TIC,4/22/2016,4/22/2016,4/18/2016,2,Short Form,Call Center Internal
Treadclimber,CAM49231 GAMEN120BOO16TIC,4/22/2016,4/22/2016,4/18/2016,1,Short Form,Call Center Internal
Treadclimber,CAM49234 GET*N120BOO16TIC,4/22/2016,4/22/2016,4/18/2016,1,Short Form,Call Center Internal
Treadclimber,CAM49237 MOVSN120BOO16TIC,4/22/2016,4/22/2016,4/18/2016,5,Short Form,Call Center Internal
Bowflex Max Trainer,CAM49246 DODSTLEDL1,4/22/2016,4/22/2016,4/18/2016,1,Online Display,Web
Treadclimber,CAM49246 DODSTLEDL1,,4/22/2016,4/18/2016,1,Online Display,Web
Treadclimber,CAM49292 DSETSF16A,4/22/2016,4/22/2016,4/18/2016,21,Electronic - Short Form,Web
Treadclimber,CAM49292 DSETSF16A,,4/22/2016,4/18/2016,2,Electronic - Short Form,Web
Treadclimber,CAM49293 DSETSF16B,4/22/2016,4/22/2016,4/18/2016,9,Electronic - Short Form,Web
Bowflex Max Trainer,CAM49296 DSEESF16B,,4/22/2016,4/18/2016,2,Electronic - Short Form,Web
Bowflex Max Trainer,CAM49298 DTVAN60*J14FSTIC,4/22/2016,4/22/2016,4/18/2016,3,Short Form,Call Center Internal
Treadclimber,CAM49331 DOXFBTSCODEMOM16,,4/22/2016,4/18/2016,6,Online Social,Web
Treadclimber,CAM6025 SAWWEBTC,,4/22/2016,4/18/2016,2,Electronic - UnSourced,Call Center Internal
Treadclimber,CAM6025 SAWWEBTC,4/22/2016,4/22/2016,4/18/2016,2,Electronic - UnSourced,Third Party Call Center - Evolve
Treadclimber,CAM6110 SAWGOOGTC,4/22/2016,4/22/2016,4/18/2016,2,Online,Call Center Internal
Treadclimber,CAM6110 SAWGOOGTC,,4/22/2016,4/18/2016,1,Online,Call Center Internal
Bowflex Revolution,CAM1153 DEGSAWBFG_BFC,,4/23/2016,4/18/2016,1,Electronic - UnSourced,Call Center Internal
Bowflex Revolution,CAM1154 DEGSAWBFG_BFX,,4/23/2016,4/18/2016,1,Electronic - UnSourced,Call Center Internal
Bowflex Catalog,CAM127 1800BOWFLEX_BFC,4/23/2016,4/23/2016,4/18/2016,1,Electronic - UnSourced,Call Center Internal
Bowflex Catalog,CAM127 1800BOWFLEX_BFC,,4/23/2016,4/18/2016,2,Electronic - UnSourced,Call Center Internal
Bowflex Max Trainer,CAM127 1800BOWFLEX_BFC,,4/23/2016,4/18/2016,1,Electronic - UnSourced,Call Center Internal
Treadclimber,CAM127 1800BOWFLEX_BFC,,4/23/2016,4/18/2016,1,Electronic - UnSourced,Call Center Internal
Treadclimber,CAM133 1800BOWFLEX_TRC,4/23/2016,4/23/2016,4/18/2016,4,Electronic - UnSourced,Call Center Internal
Treadclimber,CAM133 1800BOWFLEX_TRC,,4/23/2016,4/18/2016,1,Electronic - UnSourced,Call Center Internal
Treadclimber,CAM16414 DEGBFTRC,4/23/2016,4/23/2016,4/18/2016,9,Electronic - UnSourced,Web
Treadclimber,CAM16414 DEGBFTRC,,4/23/2016,4/18/2016,7,Electronic - UnSourced,Web
Treadclimber,CAM16426 DSETDIR,4/23/2016,4/23/2016,4/18/2016,30,Electronic - Short Form,Web
Treadclimber,CAM16426 DSETDIR,,4/23/2016,4/18/2016,1,Electronic - Short Form,Web
Bowflex Home Gyms,CAM16616 DEGBFBHG,,4/23/2016,4/18/2016,2,Electronic - UnSourced,Web
Treadclimber,CAM22646 IONLN120NTSEE***,4/23/2016,4/23/2016,4/18/2016,1,Short Form,Call Center Internal
Bowflex Catalog,CAM23584 degcfootlinkbf,4/23/2016,4/23/2016,4/18/2016,2,Electronic - UnSourced,Web
Bowflex Catalog,CAM23587 degcfootlinktc,4/23/2016,4/23/2016,4/18/2016,4,Electronic - UnSourced,Web
Bowflex Selecttech Dumbbells,CAM23877 degd1sitest,,4/23/2016,4/18/2016,5,Electronic - UnSourced,Web
Treadclimber,CAM23879 degt1sitetc,4/23/2016,4/23/2016,4/18/2016,3,Electronic - UnSourced,Web
Treadclimber,CAM23879 degt1sitetc,,4/23/2016,4/18/2016,6,Electronic - UnSourced,Web
Bowflex Home Gyms,CAM28157 SALESFOLLOWUP,,4/23/2016,4/18/2016,2,Un-Sourced,Call Center Internal
Bowflex Max Trainer,CAM28157 SALESFOLLOWUP,,4/23/2016,4/18/2016,1,Un-Sourced,Call Center Internal
Treadclimber,CAM28157 SALESFOLLOWUP,,4/23/2016,4/18/2016,1,Un-Sourced,Call Center Internal
Bowflex Home Gyms,CAM28771 degg1siteg,4/23/2016,4/23/2016,4/18/2016,3,Electronic - UnSourced,Web
Bowflex Home Gyms,CAM28771 degg1siteg,,4/23/2016,4/18/2016,6,Electronic - UnSourced,Web
Treadclimber,CAM28771 degg1siteg,,4/23/2016,4/18/2016,1,Electronic - UnSourced,Web
Bowflex Home Gyms,CAM30755 dosg2gsl1,4/23/2016,4/23/2016,4/18/2016,1,Online Search,Web
Bowflex Home Gyms,CAM31080 dosg2ggl1bf,,4/23/2016,4/18/2016,1,Online Search,Call Center Internal
Bowflex Home Gyms,CAM31080 dosg2ggl1bf,4/23/2016,4/23/2016,4/18/2016,3,Online Search,Web
Bowflex Home Gyms,CAM31080 dosg2ggl1bf,,4/23/2016,4/18/2016,4,Online Search,Web
Treadclimber,CAM31080 dosg2ggl1bf,,4/23/2016,4/18/2016,1,Online Search,Web
Treadclimber,CAM31082 dosg2tgl1tc,4/23/2016,4/23/2016,4/18/2016,1,Online Search,Web
Treadclimber,CAM31082 dosg2tgl1tc,,4/23/2016,4/18/2016,4,Online Search,Web
Treadclimber,CAM32123 dofg2tfeed1,,4/23/2016,4/18/2016,2,Online Shopping,Web
Bowflex Home Gyms,CAM32136 deggbhg,4/23/2016,4/23/2016,4/18/2016,2,Electronic - UnSourced,Web
Bowflex Home Gyms,CAM32136 deggbhg,,4/23/2016,4/18/2016,4,Electronic - UnSourced,Web
Bowflex Revolution,CAM32136 deggbhg,,4/23/2016,4/18/2016,1,Electronic - UnSourced,Web
Bowflex Selecttech Dumbbells,CAM32136 deggbhg,,4/23/2016,4/18/2016,1,Electronic - UnSourced,Web
Bowflex Catalog,CAM32376 dosg2csl1,,4/23/2016,4/18/2016,1,Online Search,Web
Bowflex Selecttech Dumbbells,CAM32678 dosg2dgl1st,,4/23/2016,4/18/2016,4,Online Search,Web
Treadclimber,CAM33020 SAWDOSBITMOBILE,4/23/2016,4/23/2016,4/18/2016,1,Online Search,Call Center Internal
Treadclimber,CAM33117 dosg2tmobile,4/23/2016,4/23/2016,4/18/2016,15,Online Search,Web
Treadclimber,CAM33117 dosg2tmobile,,4/23/2016,4/18/2016,1,Online Search,Web
Bowflex Catalog,CAM33966 dofg2cfeed1,,4/23/2016,4/18/2016,7,Online Shopping,Web
Bowflex Home Gyms,CAM33966 dofg2cfeed1,,4/23/2016,4/18/2016,1,Online Shopping,Web
Bowflex Selecttech Dumbbells,CAM34888 degdbst,,4/23/2016,4/18/2016,5,Electronic - UnSourced,Web
Treadclimber,CAM36194 dosg2tsl1,,4/23/2016,4/18/2016,1,Online Search,Web
Treadclimber,CAM36287 SAWSF11G,4/23/2016,4/23/2016,4/18/2016,1,Electronic - Short Form,Third Party Call Center - Evolve
Treadclimber,CAM36298 dsetsf11g,4/23/2016,4/23/2016,4/18/2016,21,Electronic - Short Form,Web
Treadclimber,CAM36298 dsetsf11g,5/4/2016,4/23/2016,4/18/2016,1,Electronic - Short Form,Web
Treadclimber,CAM36298 dsetsf11g,,4/23/2016,4/18/2016,1,Electronic - Short Form,Web
Treadclimber,CAM36608 dsetsf12a,4/23/2016,4/23/2016,4/18/2016,74,Electronic - Short Form,Web
Treadclimber,CAM36608 dsetsf12a,,4/23/2016,4/18/2016,5,Electronic - Short Form,Web
Treadclimber,CAM36797 dpetprint12a,4/23/2016,4/23/2016,4/18/2016,1,Electronic - Print,Web
Treadclimber,CAM36885 dosbitsl2,4/23/2016,4/23/2016,4/18/2016,2,Online Search,Web
Treadclimber,CAM36885 dosbitsl2,,4/23/2016,4/18/2016,1,Online Search,Web
Bowflex Selecttech Dumbbells,CAM37428 dosg2dsl14,4/23/2016,4/23/2016,4/18/2016,1,Online Search,Web
Bowflex Home Gyms,CAM37434 dosg2gsl29,,4/23/2016,4/18/2016,1,Online Search,Web
Treadclimber,CAM37440 dosg2tsl21,4/23/2016,4/23/2016,4/18/2016,4,Online Search,Web
Treadclimber,CAM37440 dosg2tsl21,,4/23/2016,4/18/2016,8,Online Search,Web
Treadclimber,CAM37579 dpetprint12e,4/23/2016,4/23/2016,4/18/2016,1,Electronic - Print,Web
Treadclimber,CAM37655 dosbitsl10,,4/23/2016,4/18/2016,1,Online Search,Web
Bowflex Selecttech Dumbbells,CAM37741 dosbidsl9,,4/23/2016,4/18/2016,1,Online Search,Web
Bowflex Home Gyms,CAM37743 dosbigsl6,4/23/2016,4/23/2016,4/18/2016,1,Online Search,Web
Treadclimber,CAM38481 SAWDODRFT,,4/23/2016,4/18/2016,2,Online Display,Call Center Internal
Treadclimber,CAM38842 dosg2tsl27,4/23/2016,4/23/2016,4/18/2016,10,Online Search,Web
Bowflex Selecttech Dumbbells,CAM39075 SAWDODRFD,,4/23/2016,4/18/2016,1,Online Display,Call Center Internal
Bowflex Home Gyms,CAM39211 dosbigsl12,,4/23/2016,4/18/2016,1,Online Search,Web
Treadclimber,CAM39391 dodrftdl4,4/23/2016,4/23/2016,4/18/2016,2,Online Display,Web
Bowflex Selecttech Dumbbells,CAM39439 dosbidgl1st,,4/23/2016,4/18/2016,1,Online Search,Web
Bowflex Home Gyms,CAM39440 dosbiggl1bf,4/23/2016,4/23/2016,4/18/2016,2,Online Search,Web
Bowflex Home Gyms,CAM39440 dosbiggl1bf,,4/23/2016,4/18/2016,2,Online Search,Web
Bowflex Revolution,CAM39440 dosbiggl1bf,,4/23/2016,4/18/2016,1,Online Search,Web
Treadclimber,CAM39442 dosbitgl1tc,,4/23/2016,4/18/2016,1,Online Search,Web
Bowflex Home Gyms,CAM40821 1800BOWFLEX,,4/23/2016,4/18/2016,1,Un-Sourced,Call Center Internal
Treadclimber,CAM40825 1800TREADCLIMBER,4/23/2016,4/23/2016,4/18/2016,6,Un-Sourced,Call Center Internal
Treadclimber,CAM40825 1800TREADCLIMBER,,4/23/2016,4/18/2016,1,Un-Sourced,Call Center Internal
Bowflex Revolution,CAM40829 1800REVOLUTION,,4/23/2016,4/18/2016,2,Un-Sourced,Call Center Internal
Bowflex Max Trainer,CAM41189 degemax,4/23/2016,4/23/2016,4/18/2016,18,Electronic - UnSourced,Web
Bowflex Max Trainer,CAM41189 degemax,4/26/2016,4/23/2016,4/18/2016,1,Electronic - UnSourced,Web
Bowflex Max Trainer,CAM41189 degemax,,4/23/2016,4/18/2016,25,Electronic - UnSourced,Web
Treadclimber,CAM41189 degemax,,4/23/2016,4/18/2016,4,Electronic - UnSourced,Web
Treadclimber,CAM43666 dosg2tmobile4,4/23/2016,4/23/2016,4/18/2016,4,Online Search,Web
Treadclimber,CAM43683 dosbitsl14,4/23/2016,4/23/2016,4/18/2016,5,Online Search,Web
Treadclimber,CAM43683 dosbitsl14,,4/23/2016,4/18/2016,1,Online Search,Web
Treadclimber,CAM43804 dosg2tmobile6,4/23/2016,4/23/2016,4/18/2016,3,Online Search,Web
Treadclimber,CAM43804 dosg2tmobile6,,4/23/2016,4/18/2016,1,Online Search,Web
Treadclimber,CAM44065 SAWDOSG2TMOBILE2,4/23/2016,4/23/2016,4/18/2016,1,Online Search,Call Center Internal
Treadclimber,CAM44108 dosbitsl13,4/23/2016,4/23/2016,4/18/2016,2,Online Search,Web
Treadclimber,CAM44108 dosbitsl13,4/25/2016,4/23/2016,4/18/2016,1,Online Search,Web
Treadclimber,CAM44130 dosbitsl12,4/23/2016,4/23/2016,4/18/2016,1,Online Search,Web
Bowflex Max Trainer,CAM44172 dseesf14a,4/23/2016,4/23/2016,4/18/2016,24,Electronic - Short Form,Web
Bowflex Max Trainer,CAM44172 dseesf14a,5/4/2016,4/23/2016,4/18/2016,1,Electronic - Short Form,Web
Bowflex Max Trainer,CAM44172 dseesf14a,,4/23/2016,4/18/2016,3,Electronic - Short Form,Web
Bowflex Max Trainer,CAM44191 dseesf14d,4/23/2016,4/23/2016,4/18/2016,12,Electronic - Short Form,Web
Bowflex Max Trainer,CAM44191 dseesf14d,,4/23/2016,4/18/2016,2,Electronic - Short Form,Web
Bowflex Max Trainer,CAM44223 SAWDOSBIE,,4/23/2016,4/18/2016,2,Online Search,Call Center Internal
Treadclimber,CAM44223 SAWDOSBIE,,4/23/2016,4/18/2016,1,Online Search,Call Center Internal
Bowflex Max Trainer,CAM44230 SAWDOSG2E,,4/23/2016,4/18/2016,1,Online Search,Call Center Internal
Bowflex Max Trainer,CAM44236 SAWMAX,,4/23/2016,4/18/2016,1,Electronic - UnSourced,Call Center Internal
Bowflex Max Trainer,CAM44236 SAWMAX,,4/23/2016,4/18/2016,1,Electronic - UnSourced,Third Party Call Center - Evolve
Treadclimber,CAM44236 SAWMAX,,4/23/2016,4/18/2016,1,Electronic - UnSourced,Third Party Call Center - Evolve
Bowflex Max Trainer,CAM44429 dosbiesl1,4/23/2016,4/23/2016,4/18/2016,4,Online Search,Web
Bowflex Max Trainer,CAM44429 dosbiesl1,,4/23/2016,4/18/2016,9,Online Search,Web
Treadclimber,CAM44429 dosbiesl1,,4/23/2016,4/18/2016,5,Online Search,Web
Bowflex Max Trainer,CAM44433 dege1sitemx,4/23/2016,4/23/2016,4/18/2016,5,Electronic - UnSourced,Web
Bowflex Max Trainer,CAM44433 dege1sitemx,,4/23/2016,4/18/2016,18,Electronic - UnSourced,Web
Treadclimber,CAM44433 dege1sitemx,,4/23/2016,4/18/2016,4,Electronic - UnSourced,Web
Bowflex Max Trainer,CAM44435 dosg2egl1mx,4/23/2016,4/23/2016,4/18/2016,4,Online Search,Web
Bowflex Max Trainer,CAM44435 dosg2egl1mx,,4/23/2016,4/18/2016,14,Online Search,Web
Treadclimber,CAM44435 dosg2egl1mx,,4/23/2016,4/18/2016,3,Online Search,Web
Bowflex Max Trainer,CAM44436 dosg2esl2,4/23/2016,4/23/2016,4/18/2016,11,Online Search,Web
Treadclimber,CAM44450 dofbitfeed2,,4/23/2016,4/18/2016,1,Online Shopping,Web
Bowflex Max Trainer,CAM44497 dosg2esl1,4/23/2016,4/23/2016,4/18/2016,5,Online Search,Web
Bowflex Max Trainer,CAM44497 dosg2esl1,,4/23/2016,4/18/2016,16,Online Search,Web
Treadclimber,CAM44497 dosg2esl1,,4/23/2016,4/18/2016,3,Online Search,Web
Bowflex Max Trainer,CAM44520 dosbiegl1mx,,4/23/2016,4/18/2016,4,Online Search,Web
Treadclimber,CAM44520 dosbiegl1mx,,4/23/2016,4/18/2016,3,Online Search,Web
Bowflex Max Trainer,CAM44531 dosbiesl2,4/23/2016,4/23/2016,4/18/2016,1,Online Search,Web
Bowflex Max Trainer,CAM44531 dosbiesl2,,4/23/2016,4/18/2016,1,Online Search,Web
Bowflex Max Trainer,CAM44539 SAWDOSG2EMOBILE2,,4/23/2016,4/18/2016,1,Online Search,Call Center Internal
Bowflex Catalog,CAM44540 dofcatcfeed1,4/23/2016,4/23/2016,4/18/2016,2,Online Shopping,Web
Bowflex Max Trainer,CAM44551 dosg2esl4,4/23/2016,4/23/2016,4/18/2016,1,Online Search,Web
Bowflex Max Trainer,CAM44560 dosg2esl5,4/23/2016,4/23/2016,4/18/2016,1,Online Search,Web
Bowflex Max Trainer,CAM44560 dosg2esl5,,4/23/2016,4/18/2016,5,Online Search,Web
Treadclimber,CAM44626 1800BOWFLEX_BMT,,4/23/2016,4/18/2016,1,Electronic - UnSourced,Call Center Internal
Bowflex Max Trainer,CAM44887 dofg2efeed1,4/23/2016,4/23/2016,4/18/2016,7,Online Shopping,Web
Bowflex Max Trainer,CAM44887 dofg2efeed1,,4/23/2016,4/18/2016,9,Online Shopping,Web
Treadclimber,CAM44887 dofg2efeed1,,4/23/2016,4/18/2016,2,Online Shopping,Web
Bowflex Max Trainer,CAM44900 dovg2evl1,,4/23/2016,4/18/2016,1,Online Video,Web
Bowflex Catalog,CAM44948 dofbiefeed1,,4/23/2016,4/18/2016,1,Online Shopping,Web
Bowflex Max Trainer,CAM44948 dofbiefeed1,,4/23/2016,4/18/2016,6,Online Shopping,Web
Treadclimber,CAM44948 dofbiefeed1,,4/23/2016,4/18/2016,2,Online Shopping,Web
Bowflex Max Trainer,CAM44952 dosbieml1,4/23/2016,4/23/2016,4/18/2016,4,Online Search,Web
Bowflex Max Trainer,CAM44952 dosbieml1,,4/23/2016,4/18/2016,2,Online Search,Web
Bowflex Max Trainer,CAM45009 dosg2eml1,4/23/2016,4/23/2016,4/18/2016,13,Online Search,Web
Bowflex Max Trainer,CAM45009 dosg2eml1,,4/23/2016,4/18/2016,17,Online Search,Web
Treadclimber,CAM45009 dosg2eml1,,4/23/2016,4/18/2016,1,Online Search,Web
Bowflex Max Trainer,CAM45043 SAWDOFG2E,,4/23/2016,4/18/2016,1,Online Shopping,Call Center Internal
Bowflex Catalog,CAM45327 1800MAXTRAINER,,4/23/2016,4/18/2016,1,Un-Sourced,Call Center Internal
Bowflex Max Trainer,CAM45327 1800MAXTRAINER,4/23/2016,4/23/2016,4/18/2016,4,Un-Sourced,Call Center Internal
Bowflex Max Trainer,CAM45327 1800MAXTRAINER,,4/23/2016,4/18/2016,7,Un-Sourced,Call Center Internal
Treadclimber,CAM45327 1800MAXTRAINER,,4/23/2016,4/18/2016,6,Un-Sourced,Call Center Internal
Treadclimber,CAM45349 METVN120BOOMRTIC,4/23/2016,4/23/2016,4/18/2016,1,Short Form,Call Center Internal
Bowflex Max Trainer,CAM45387 DSEESF14E,4/23/2016,4/23/2016,4/18/2016,2,Electronic - Short Form,Web
Bowflex Max Trainer,CAM45387 DSEESF14E,,4/23/2016,4/18/2016,1,Electronic - Short Form,Web
Treadclimber,CAM45387 DSEESF14E,,4/23/2016,4/18/2016,1,Electronic - Short Form,Web
Bowflex Max Trainer,CAM45388 DSEESF14F,4/23/2016,4/23/2016,4/18/2016,8,Electronic - Short Form,Web
Bowflex Max Trainer,CAM45388 DSEESF14F,4/25/2016,4/23/2016,4/18/2016,1,Electronic - Short Form,Web
Bowflex Max Trainer,CAM45599 IFC*N120BFMAXTIC,4/23/2016,4/23/2016,4/18/2016,1,Short Form,Call Center Internal
Bowflex Max Trainer,CAM45730 DOSG2ESL7,,4/23/2016,4/18/2016,3,Online Search,Web
Treadclimber,CAM45730 DOSG2ESL7,,4/23/2016,4/18/2016,1,Online Search,Web
Bowflex Max Trainer,CAM45798 DSEESF14H,4/23/2016,4/23/2016,4/18/2016,8,Electronic - Short Form,Web
Bowflex Max Trainer,CAM45798 DSEESF14H,,4/23/2016,4/18/2016,3,Electronic - Short Form,Web
Bowflex Max Trainer,CAM45799 DSEESF14I,4/23/2016,4/23/2016,4/18/2016,4,Electronic - Short Form,Web
Bowflex Max Trainer,CAM45800 DSEESF14J,4/23/2016,4/23/2016,4/18/2016,2,Electronic - Short Form,Web
Treadclimber,CAM45852 DOSG2TSL32,4/23/2016,4/23/2016,4/18/2016,6,Online Search,Web
Treadclimber,CAM45897 DOXFBTRESPONSE,,4/23/2016,4/18/2016,1,Online Social,Web
Bowflex Max Trainer,CAM45898 DOXFBERESPONSE,,4/23/2016,4/18/2016,2,Online Social,Web
Treadclimber,CAM45898 DOXFBERESPONSE,,4/23/2016,4/18/2016,1,Online Social,Web
Treadclimber,CAM45900 SAWDODADCE,,4/23/2016,4/18/2016,1,Online Display,Third Party Call Center - Evolve
Treadclimber,CAM46146 DOSBITSL17,4/23/2016,4/23/2016,4/18/2016,1,Online Search,Web
Bowflex Max Trainer,CAM47150 DOSG2ESL9,4/23/2016,4/23/2016,4/18/2016,2,Online Search,Web
Bowflex Max Trainer,CAM47150 DOSG2ESL9,,4/23/2016,4/18/2016,4,Online Search,Web
Bowflex Max Trainer,CAM47151 DOSG2EML2,4/23/2016,4/23/2016,4/18/2016,8,Online Search,Web
Bowflex Max Trainer,CAM47151 DOSG2EML2,,4/23/2016,4/18/2016,8,Online Search,Web
Bowflex Max Trainer,CAM47152 DOSBIESL8,4/23/2016,4/23/2016,4/18/2016,1,Online Search,Web
Bowflex Max Trainer,CAM47152 DOSBIESL8,,4/23/2016,4/18/2016,2,Online Search,Web
Treadclimber,CAM47152 DOSBIESL8,,4/23/2016,4/18/2016,1,Online Search,Web
Bowflex Home Gyms,CAM47173 DOXFBDGL1,,4/23/2016,4/18/2016,1,Online Social,Web
Bowflex Max Trainer,CAM47239 SAWDODCTOE,,4/23/2016,4/18/2016,1,Online Display,Call Center Internal
Treadclimber,CAM47239 SAWDODCTOE,,4/23/2016,4/18/2016,1,Online Display,Call Center Internal
Bowflex Max Trainer,CAM47251 DODCTOEDL2,4/23/2016,4/23/2016,4/18/2016,6,Online Display,Web
Bowflex Max Trainer,CAM47251 DODCTOEDL2,4/28/2016,4/23/2016,4/18/2016,1,Online Display,Web
Bowflex Max Trainer,CAM47251 DODCTOEDL2,,4/23/2016,4/18/2016,3,Online Display,Web
Treadclimber,CAM47254 DODCTOTDL1,,4/23/2016,4/18/2016,2,Online Display,Web
Bowflex Home Gyms,CAM47260 DODCTOGDL1,4/23/2016,4/23/2016,4/18/2016,2,Online Display,Web
Bowflex Home Gyms,CAM47260 DODCTOGDL1,,4/23/2016,4/18/2016,1,Online Display,Web
Bowflex Home Gyms,CAM47265 DOSG2GSL38,4/23/2016,4/23/2016,4/18/2016,2,Online Search,Web
Bowflex Home Gyms,CAM47265 DOSG2GSL38,,4/23/2016,4/18/2016,1,Online Search,Web
Bowflex Selecttech Dumbbells,CAM47267 DODCTODDL2,4/23/2016,4/23/2016,4/18/2016,1,Online Display,Web
Bowflex Selecttech Dumbbells,CAM47267 DODCTODDL2,,4/23/2016,4/18/2016,1,Online Display,Web
Treadclimber,CAM47345 FOXNN120ALOBYTIC,4/23/2016,4/23/2016,4/18/2016,1,Short Form,Call Center Internal
Bowflex Max Trainer,CAM47528 FOX*NVODHAMF*TIC,4/23/2016,4/23/2016,4/18/2016,1,Short Form,Third Party Call Center - Evolve
Bowflex Catalog,CAM47779 DCBHOMESUMOFFR15,,4/23/2016,4/18/2016,1,Catalog,Web
Treadclimber,CAM47779 DCBHOMESUMOFFR15,,4/23/2016,4/18/2016,1,Catalog,Web
Treadclimber,CAM47841 CZNYN120ALOBYTIC,4/23/2016,4/23/2016,4/18/2016,1,Short Form,Third Party Call Center - Evolve
Treadclimber,CAM48078 DCADN120WMNS*TIC,4/23/2016,4/23/2016,4/18/2016,1,Short Form,Call Center Internal
Treadclimber,CAM48185 DOXFBTSCODE002,4/23/2016,4/23/2016,4/18/2016,1,Online Social,Web
Treadclimber,CAM48185 DOXFBTSCODE002,,4/23/2016,4/18/2016,7,Online Social,Web
Treadclimber,CAM48186 DOXFBTSCODE003,4/23/2016,4/23/2016,4/18/2016,5,Online Social,Web
Treadclimber,CAM48188 DOXFBTSCODE005,4/23/2016,4/23/2016,4/18/2016,1,Online Social,Web
Bowflex Max Trainer,CAM48201 DOXFBESCODE001,,4/23/2016,4/18/2016,1,Online Social,Web
Bowflex Max Trainer,CAM48202 DOXFBESCODE002,4/23/2016,4/23/2016,4/18/2016,1,Online Social,Web
Bowflex Max Trainer,CAM48202 DOXFBESCODE002,,4/23/2016,4/18/2016,10,Online Social,Web
Bowflex Max Trainer,CAM48203 DOXFBESCODE003,4/23/2016,4/23/2016,4/18/2016,4,Online Social,Web
Bowflex Max Trainer,CAM48203 DOXFBESCODE003,,4/23/2016,4/18/2016,5,Online Social,Web
Bowflex Max Trainer,CAM48205 DOXFBESCODE005,4/23/2016,4/23/2016,4/18/2016,5,Online Social,Web
Bowflex Max Trainer,CAM48205 DOXFBESCODE005,,4/23/2016,4/18/2016,4,Online Social,Web
Treadclimber,CAM48205 DOXFBESCODE005,,4/23/2016,4/18/2016,1,Online Social,Web
Bowflex Selecttech Dumbbells,CAM48206 SAWDOXFBDSCODE,,4/23/2016,4/18/2016,2,Online Social,Call Center Internal
Bowflex Selecttech Dumbbells,CAM48208 DOXFBDSCODE002,4/23/2016,4/23/2016,4/18/2016,1,Online Social,Web
Bowflex Selecttech Dumbbells,CAM48208 DOXFBDSCODE002,,4/23/2016,4/18/2016,2,Online Social,Web
Bowflex Selecttech Dumbbells,CAM48209 DOXFBDSCODE003,4/23/2016,4/23/2016,4/18/2016,4,Online Social,Web
Bowflex Selecttech Dumbbells,CAM48209 DOXFBDSCODE003,,4/23/2016,4/18/2016,1,Online Social,Web
Treadclimber,CAM48496 HMM*N120HKINGTIC,4/23/2016,4/23/2016,4/18/2016,3,Short Form,Call Center Internal
Treadclimber,CAM48496 HMM*N120HKINGTIC,,4/23/2016,4/18/2016,1,Short Form,Call Center Internal
Treadclimber,CAM48497 ION*N120HKINGTIC,4/23/2016,4/23/2016,4/18/2016,2,Short Form,Call Center Internal
Treadclimber,CAM48498 INSPN120HKINGTIC,4/23/2016,4/23/2016,4/18/2016,4,Short Form,Third Party Call Center - Evolve
Treadclimber,CAM48498 INSPN120HKINGTIC,4/23/2016,4/23/2016,4/18/2016,3,Short Form,Third Party Call Center - West
Treadclimber,CAM48501 METVN120HKINGTIC,4/23/2016,4/23/2016,4/18/2016,1,Short Form,Call Center Internal
Treadclimber,CAM48501 METVN120HKINGTIC,,4/23/2016,4/18/2016,1,Short Form,Call Center Internal
Treadclimber,CAM48503 BRNGN120HKINGTIC,4/23/2016,4/23/2016,4/18/2016,1,Short Form,Call Center Internal
Treadclimber,CAM48507 GAMEN120HKINGTIC,4/23/2016,4/23/2016,4/18/2016,1,Short Form,Call Center Internal
Treadclimber,CAM48508 CZNYN120HKINGTIC,4/23/2016,4/23/2016,4/18/2016,1,Short Form,Call Center Internal
Treadclimber,CAM48510 TESCN120HKINGTIC,4/23/2016,4/23/2016,4/18/2016,1,Short Form,Call Center Internal
Treadclimber,CAM48517 LMN*N60*HKINGTIC,4/23/2016,4/23/2016,4/18/2016,9,Short Form,Call Center Internal
Treadclimber,CAM48517 LMN*N60*HKINGTIC,,4/23/2016,4/18/2016,1,Short Form,Call Center Internal
Treadclimber,CAM48518 INSPN180HKINGTIC,4/23/2016,4/23/2016,4/18/2016,1,Short Form,Call Center Internal
Treadclimber,CAM48521 HMM*N180HKINGTIC,4/23/2016,4/23/2016,4/18/2016,1,Short Form,Third Party Call Center - Evolve
Treadclimber,CAM48679 DOXFBTSCODE011,,4/23/2016,4/18/2016,1,Online Social,Web
Bowflex Max Trainer,CAM48694 DPEEPRINT15E,4/23/2016,4/23/2016,4/18/2016,1,Electronic - Print,Web
Bowflex Max Trainer,CAM48728 MX10P60*J14FSTIC,4/23/2016,4/23/2016,4/18/2016,5,Short Form,Third Party Call Center - West
Bowflex Max Trainer,CAM48743 MX25P60*J14FSTIC,4/23/2016,4/23/2016,4/18/2016,1,Short Form,Third Party Call Center - West
Bowflex Max Trainer,CAM48744 FOX*NVODJ14FSTIC,4/23/2016,4/23/2016,4/18/2016,2,Short Form,Call Center Internal
Bowflex Max Trainer,CAM48745 SUNDN120J14FSTIC,4/23/2016,4/23/2016,4/18/2016,2,Short Form,Call Center Internal
Bowflex Max Trainer,CAM48745 SUNDN120J14FSTIC,4/23/2016,4/23/2016,4/18/2016,1,Short Form,Third Party Call Center - Evolve
Bowflex Max Trainer,CAM48748 SPKEN120J14FSTIC,4/23/2016,4/23/2016,4/18/2016,2,Short Form,Call Center Internal
Bowflex Max Trainer,CAM48750 IFC*N120J14FSTIC,4/23/2016,4/23/2016,4/18/2016,2,Short Form,Call Center Internal
Bowflex Max Trainer,CAM48752 WNATN120J14FSTIC,4/23/2016,4/23/2016,4/18/2016,1,Short Form,Call Center Internal
Bowflex Max Trainer,CAM48753 RELZN120J14FSTIC,4/23/2016,4/23/2016,4/18/2016,2,Short Form,Third Party Call Center - Evolve
Bowflex Max Trainer,CAM48754 JUSTN120J14FSTIC,4/23/2016,4/23/2016,4/18/2016,5,Short Form,Call Center Internal
Bowflex Max Trainer,CAM48755 GRITN120J14FSTIC,4/23/2016,4/23/2016,4/18/2016,3,Short Form,Call Center Internal
Bowflex Max Trainer,CAM48760 ODORN120J14FSTIC,4/23/2016,4/23/2016,4/18/2016,1,Short Form,Third Party Call Center - Evolve
Bowflex Max Trainer,CAM48775 SUNDN180JACFSTIC,4/23/2016,4/23/2016,4/18/2016,3,Short Form,Call Center Internal
Bowflex Max Trainer,CAM48777 VH1CN180JACFSTIC,4/23/2016,4/23/2016,4/18/2016,4,Short Form,Call Center Internal
Bowflex Max Trainer,CAM48777 VH1CN180JACFSTIC,4/23/2016,4/23/2016,4/18/2016,6,Short Form,Third Party Call Center - Evolve
Bowflex Max Trainer,CAM48778 DTVSN60*J14FSTIC,4/23/2016,4/23/2016,4/18/2016,4,Short Form,Call Center Internal
Bowflex Max Trainer,CAM48793 HERON5MNHAMFSTIC,4/23/2016,4/23/2016,4/18/2016,2,Short Form,Third Party Call Center - Evolve
Treadclimber,CAM48810 BLAZN120HKINGTIC,4/23/2016,4/23/2016,4/18/2016,1,Short Form,Call Center Internal
Treadclimber,CAM48811 MOVSN120HKINGTIC,4/23/2016,4/23/2016,4/18/2016,1,Short Form,Call Center Internal
Bowflex Max Trainer,CAM48876 DSEESF15A,4/23/2016,4/23/2016,4/18/2016,2,Electronic - Short Form,Web
Bowflex Max Trainer,CAM48876 DSEESF15A,,4/23/2016,4/18/2016,3,Electronic - Short Form,Web
Bowflex Catalog,CAM48920 DCBHOMEWIN16,4/23/2016,4/23/2016,4/18/2016,1,Catalog,Web
Bowflex Catalog,CAM48920 DCBHOMEWIN16,,4/23/2016,4/18/2016,6,Catalog,Web
Bowflex Home Gyms,CAM48920 DCBHOMEWIN16,,4/23/2016,4/18/2016,1,Catalog,Web
Bowflex Max Trainer,CAM48920 DCBHOMEWIN16,,4/23/2016,4/18/2016,3,Catalog,Web
Treadclimber,CAM48920 DCBHOMEWIN16,,4/23/2016,4/18/2016,1,Catalog,Web
Treadclimber,CAM48928 DODSTLTDL8,4/23/2016,4/23/2016,4/18/2016,1,Online Display,Web
Treadclimber,CAM48928 DODSTLTDL8,,4/23/2016,4/18/2016,2,Online Display,Web
Treadclimber,CAM48973 DOFG2TFEED2,,4/23/2016,4/18/2016,1,Online Shopping,Web
Bowflex Max Trainer,CAM48975 DOFG2EFEED2,4/23/2016,4/23/2016,4/18/2016,1,Online Shopping,Web
Bowflex Max Trainer,CAM48975 DOFG2EFEED2,,4/23/2016,4/18/2016,13,Online Shopping,Web
Treadclimber,CAM48975 DOFG2EFEED2,,4/23/2016,4/18/2016,3,Online Shopping,Web
Bowflex Home Gyms,CAM48977 DOFG2GFEED2,,4/23/2016,4/18/2016,1,Online Shopping,Web
Bowflex Revolution,CAM48977 DOFG2GFEED2,,4/23/2016,4/18/2016,1,Online Shopping,Web
Bowflex Catalog,CAM48980 DOFG2CFEED3,4/23/2016,4/23/2016,4/18/2016,1,Online Shopping,Web
Bowflex Catalog,CAM48980 DOFG2CFEED3,,4/23/2016,4/18/2016,4,Online Shopping,Web
Bowflex Home Gyms,CAM48980 DOFG2CFEED3,,4/23/2016,4/18/2016,1,Online Shopping,Web
Bowflex UpperCut,CAM48980 DOFG2CFEED3,,4/23/2016,4/18/2016,1,Online Shopping,Web
Bowflex Max Trainer,CAM49156 FOXNN120J14FSTIC,4/23/2016,4/23/2016,4/18/2016,1,Short Form,Call Center Internal
Bowflex Max Trainer,CAM49156 FOXNN120J14FSTIC,4/23/2016,4/23/2016,4/18/2016,2,Short Form,Third Party Call Center - Evolve
Bowflex Max Trainer,CAM49221 PURSN120J14FSTIC,4/23/2016,4/23/2016,4/18/2016,1,Short Form,Call Center Internal
Bowflex Max Trainer,CAM49224 LAFFN5MNHAMFSTIC,4/23/2016,4/23/2016,4/18/2016,1,Short Form,Third Party Call Center - Evolve
Treadclimber,CAM49226 HMM*N120WMN16TIC,4/23/2016,4/23/2016,4/18/2016,5,Short Form,Call Center Internal
Treadclimber,CAM49226 HMM*N120WMN16TIC,4/23/2016,4/23/2016,4/18/2016,1,Short Form,Third Party Call Center - Evolve
Treadclimber,CAM49227 ION*N120BOO16TIC,4/23/2016,4/23/2016,4/18/2016,1,Short Form,Call Center Internal
Treadclimber,CAM49227 ION*N120BOO16TIC,4/27/2016,4/23/2016,4/18/2016,1,Short Form,Third Party Call Center - Evolve
Treadclimber,CAM49228 INSPN120BOO16TIC,4/23/2016,4/23/2016,4/18/2016,1,Short Form,Call Center Internal
Treadclimber,CAM49229 METVN120BOO16TIC,4/23/2016,4/23/2016,4/18/2016,8,Short Form,Call Center Internal
Treadclimber,CAM49229 METVN120BOO16TIC,4/23/2016,4/23/2016,4/18/2016,2,Short Form,Third Party Call Center - Evolve
Treadclimber,CAM49229 METVN120BOO16TIC,4/23/2016,4/23/2016,4/18/2016,3,Short Form,Third Party Call Center - West
Treadclimber,CAM49232 DCADN120BOO16TIC,4/23/2016,4/23/2016,4/18/2016,2,Short Form,Third Party Call Center - Evolve
Treadclimber,CAM49236 BLAZN120BOO16TIC,4/23/2016,4/23/2016,4/18/2016,1,Short Form,Call Center Internal
Treadclimber,CAM49237 MOVSN120BOO16TIC,4/23/2016,4/23/2016,4/18/2016,2,Short Form,Call Center Internal
Bowflex Max Trainer,CAM49246 DODSTLEDL1,4/23/2016,4/23/2016,4/18/2016,1,Online Display,Web
Bowflex Max Trainer,CAM49246 DODSTLEDL1,,4/23/2016,4/18/2016,1,Online Display,Web
Treadclimber,CAM49292 DSETSF16A,4/23/2016,4/23/2016,4/18/2016,16,Electronic - Short Form,Web
Treadclimber,CAM49293 DSETSF16B,4/23/2016,4/23/2016,4/18/2016,24,Electronic - Short Form,Web
Treadclimber,CAM49293 DSETSF16B,,4/23/2016,4/18/2016,2,Electronic - Short Form,Web
Bowflex Max Trainer,CAM49295 DSEESF16A,4/23/2016,4/23/2016,4/18/2016,1,Electronic - Short Form,Web
Bowflex Max Trainer,CAM49296 DSEESF16B,4/23/2016,4/23/2016,4/18/2016,2,Electronic - Short Form,Web
Treadclimber,CAM16414 DEGBFTRC,4/24/2016,4/24/2016,4/18/2016,10,Electronic - UnSourced,Web
Treadclimber,CAM16414 DEGBFTRC,,4/24/2016,4/18/2016,9,Electronic - UnSourced,Web
Treadclimber,CAM16426 DSETDIR,4/24/2016,4/24/2016,4/18/2016,47,Electronic - Short Form,Web
Treadclimber,CAM16426 DSETDIR,5/4/2016,4/24/2016,4/18/2016,1,Electronic - Short Form,Web
Treadclimber,CAM16426 DSETDIR,,4/24/2016,4/18/2016,3,Electronic - Short Form,Web
Bowflex Catalog,CAM23584 degcfootlinkbf,4/24/2016,4/24/2016,4/18/2016,2,Electronic - UnSourced,Web
Bowflex Catalog,CAM23586 degcfootlinkst,4/24/2016,4/24/2016,4/18/2016,1,Electronic - UnSourced,Web
Bowflex Catalog,CAM23587 degcfootlinktc,4/24/2016,4/24/2016,4/18/2016,6,Electronic - UnSourced,Web
Bowflex Selecttech Dumbbells,CAM23877 degd1sitest,4/24/2016,4/24/2016,4/18/2016,2,Electronic - UnSourced,Web
Bowflex Selecttech Dumbbells,CAM23877 degd1sitest,,4/24/2016,4/18/2016,7,Electronic - UnSourced,Web
Treadclimber,CAM23879 degt1sitetc,4/24/2016,4/24/2016,4/18/2016,4,Electronic - UnSourced,Web
Treadclimber,CAM23879 degt1sitetc,,4/24/2016,4/18/2016,5,Electronic - UnSourced,Web
Bowflex Home Gyms,CAM25756 DEGSAWBFG,,4/24/2016,4/18/2016,1,Electronic - UnSourced,Call Center Internal
Bowflex Revolution,CAM25756 DEGSAWBFG,,4/24/2016,4/18/2016,1,Electronic - UnSourced,Call Center Internal
Bowflex Home Gyms,CAM28771 degg1siteg,4/24/2016,4/24/2016,4/18/2016,4,Electronic - UnSourced,Web
Bowflex Home Gyms,CAM28771 degg1siteg,,4/24/2016,4/18/2016,5,Electronic - UnSourced,Web
Bowflex Selecttech Dumbbells,CAM28771 degg1siteg,,4/24/2016,4/18/2016,2,Electronic - UnSourced,Web
Bowflex Home Gyms,CAM30755 dosg2gsl1,4/24/2016,4/24/2016,4/18/2016,2,Online Search,Web
Bowflex Selecttech Dumbbells,CAM30793 SAWDOSG2D,,4/24/2016,4/18/2016,1,Online Search,Call Center Internal
Bowflex Home Gyms,CAM31080 dosg2ggl1bf,4/24/2016,4/24/2016,4/18/2016,8,Online Search,Web
Bowflex Home Gyms,CAM31080 dosg2ggl1bf,,4/24/2016,4/18/2016,5,Online Search,Web
Bowflex Revolution,CAM31080 dosg2ggl1bf,,4/24/2016,4/18/2016,1,Online Search,Web
Treadclimber,CAM31080 dosg2ggl1bf,,4/24/2016,4/18/2016,2,Online Search,Web
Treadclimber,CAM31082 dosg2tgl1tc,4/24/2016,4/24/2016,4/18/2016,4,Online Search,Web
Treadclimber,CAM31082 dosg2tgl1tc,,4/24/2016,4/18/2016,6,Online Search,Web
Bowflex Home Gyms,CAM32074 dofszgfeed1,,4/24/2016,4/18/2016,1,Online Shopping,Web
Treadclimber,CAM32123 dofg2tfeed1,,4/24/2016,4/18/2016,1,Online Shopping,Web
Bowflex Home Gyms,CAM32136 deggbhg,4/24/2016,4/24/2016,4/18/2016,2,Electronic - UnSourced,Web
Bowflex Home Gyms,CAM32136 deggbhg,,4/24/2016,4/18/2016,3,Electronic - UnSourced,Web
Bowflex Catalog,CAM32376 dosg2csl1,4/24/2016,4/24/2016,4/18/2016,2,Online Search,Web
Bowflex Catalog,CAM32376 dosg2csl1,,4/24/2016,4/18/2016,1,Online Search,Web
Bowflex Home Gyms,CAM32607 dosg2gad2,4/24/2016,4/24/2016,4/18/2016,1,Online Search,Web
Bowflex Selecttech Dumbbells,CAM32678 dosg2dgl1st,4/24/2016,4/24/2016,4/18/2016,2,Online Search,Web
Bowflex Selecttech Dumbbells,CAM32678 dosg2dgl1st,,4/24/2016,4/18/2016,5,Online Search,Web
Treadclimber,CAM33117 dosg2tmobile,4/24/2016,4/24/2016,4/18/2016,18,Online Search,Web
Treadclimber,CAM33117 dosg2tmobile,4/26/2016,4/24/2016,4/18/2016,1,Online Search,Web
Bowflex Catalog,CAM33966 dofg2cfeed1,4/24/2016,4/24/2016,4/18/2016,1,Online Shopping,Web
Bowflex Catalog,CAM33966 dofg2cfeed1,,4/24/2016,4/18/2016,5,Online Shopping,Web
Bowflex Home Gyms,CAM33966 dofg2cfeed1,,4/24/2016,4/18/2016,1,Online Shopping,Web
Bowflex Max Trainer,CAM33966 dofg2cfeed1,,4/24/2016,4/18/2016,1,Online Shopping,Web
Bowflex Selecttech Dumbbells,CAM33966 dofg2cfeed1,,4/24/2016,4/18/2016,1,Online Shopping,Web
Bowflex Selecttech Dumbbells,CAM34888 degdbst,,4/24/2016,4/18/2016,16,Electronic - UnSourced,Web
Treadclimber,CAM36194 dosg2tsl1,,4/24/2016,4/18/2016,1,Online Search,Web
Treadclimber,CAM36206 dosg2tsl7,4/24/2016,4/24/2016,4/18/2016,1,Online Search,Web
Treadclimber,CAM36287 SAWSF11G,,4/24/2016,4/18/2016,1,Electronic - Short Form,Call Center Internal
Treadclimber,CAM36298 dsetsf11g,4/24/2016,4/24/2016,4/18/2016,37,Electronic - Short Form,Web
Treadclimber,CAM36298 dsetsf11g,4/27/2016,4/24/2016,4/18/2016,1,Electronic - Short Form,Web
Treadclimber,CAM36298 dsetsf11g,,4/24/2016,4/18/2016,1,Electronic - Short Form,Web
Treadclimber,CAM36605 SAWSF12A,4/24/2016,4/24/2016,4/18/2016,1,Electronic - Short Form,Call Center Internal
Treadclimber,CAM36608 dsetsf12a,4/24/2016,4/24/2016,4/18/2016,53,Electronic - Short Form,Web
Treadclimber,CAM36608 dsetsf12a,,4/24/2016,4/18/2016,2,Electronic - Short Form,Web
Treadclimber,CAM36885 dosbitsl2,4/24/2016,4/24/2016,4/18/2016,2,Online Search,Web
Treadclimber,CAM36924 dpetprint12c,4/24/2016,4/24/2016,4/18/2016,1,Electronic - Print,Web
Bowflex Selecttech Dumbbells,CAM37432 dosg2dsl18,,4/24/2016,4/18/2016,3,Online Search,Web
Bowflex Home Gyms,CAM37434 dosg2gsl29,4/24/2016,4/24/2016,4/18/2016,1,Online Search,Web
Treadclimber,CAM37440 dosg2tsl21,4/24/2016,4/24/2016,4/18/2016,4,Online Search,Web
Treadclimber,CAM37440 dosg2tsl21,,4/24/2016,4/18/2016,10,Online Search,Web
Treadclimber,CAM37443 dosg2tsl24,4/24/2016,4/24/2016,4/18/2016,2,Online Search,Web
Treadclimber,CAM37443 dosg2tsl24,,4/24/2016,4/18/2016,3,Online Search,Web
Treadclimber,CAM37492 dosbitsl5,4/24/2016,4/24/2016,4/18/2016,2,Online Search,Web
Treadclimber,CAM37492 dosbitsl5,,4/24/2016,4/18/2016,1,Online Search,Web
Treadclimber,CAM37579 dpetprint12e,4/24/2016,4/24/2016,4/18/2016,1,Electronic - Print,Web
Treadclimber,CAM37655 dosbitsl10,,4/24/2016,4/18/2016,2,Online Search,Web
Treadclimber,CAM38842 dosg2tsl27,4/24/2016,4/24/2016,4/18/2016,6,Online Search,Web
Treadclimber,CAM39391 dodrftdl4,4/24/2016,4/24/2016,4/18/2016,2,Online Display,Web
Bowflex Selecttech Dumbbells,CAM39439 dosbidgl1st,4/24/2016,4/24/2016,4/18/2016,1,Online Search,Web
Bowflex Selecttech Dumbbells,CAM39439 dosbidgl1st,,4/24/2016,4/18/2016,1,Online Search,Web
Bowflex Home Gyms,CAM39440 dosbiggl1bf,4/24/2016,4/24/2016,4/18/2016,2,Online Search,Web
Bowflex Home Gyms,CAM39440 dosbiggl1bf,,4/24/2016,4/18/2016,1,Online Search,Web
Bowflex Catalog,CAM40820 1800BFXCATALOG,5/2/2016,4/24/2016,4/18/2016,1,Un-Sourced,Call Center Internal
Treadclimber,CAM40825 1800TREADCLIMBER,4/24/2016,4/24/2016,4/18/2016,2,Un-Sourced,Call Center Internal
Bowflex Max Trainer,CAM41189 degemax,4/24/2016,4/24/2016,4/18/2016,15,Electronic - UnSourced,Web
Bowflex Max Trainer,CAM41189 degemax,,4/24/2016,4/18/2016,40,Electronic - UnSourced,Web
Treadclimber,CAM41189 degemax,,4/24/2016,4/18/2016,8,Electronic - UnSourced,Web
Treadclimber,CAM41391 qrtrcmore,,4/24/2016,4/18/2016,1,Electronic - Print,Call Center Internal
Treadclimber,CAM43666 dosg2tmobile4,4/24/2016,4/24/2016,4/18/2016,4,Online Search,Web
Treadclimber,CAM43666 dosg2tmobile4,,4/24/2016,4/18/2016,8,Online Search,Web
Treadclimber,CAM43683 dosbitsl14,4/24/2016,4/24/2016,4/18/2016,6,Online Search,Web
Treadclimber,CAM43683 dosbitsl14,,4/24/2016,4/18/2016,1,Online Search,Web
Treadclimber,CAM43804 dosg2tmobile6,4/24/2016,4/24/2016,4/18/2016,8,Online Search,Web
Treadclimber,CAM43804 dosg2tmobile6,,4/24/2016,4/18/2016,5,Online Search,Web
Treadclimber,CAM44108 dosbitsl13,4/24/2016,4/24/2016,4/18/2016,3,Online Search,Web
Treadclimber,CAM44130 dosbitsl12,4/24/2016,4/24/2016,4/18/2016,1,Online Search,Web
Bowflex Max Trainer,CAM44170 dpeeprint13a,4/24/2016,4/24/2016,4/18/2016,1,Electronic - Print,Web
Bowflex Max Trainer,CAM44172 dseesf14a,4/24/2016,4/24/2016,4/18/2016,39,Electronic - Short Form,Web
Bowflex Max Trainer,CAM44172 dseesf14a,,4/24/2016,4/18/2016,4,Electronic - Short Form,Web
Bowflex Max Trainer,CAM44191 dseesf14d,4/24/2016,4/24/2016,4/18/2016,11,Electronic - Short Form,Web
Bowflex Max Trainer,CAM44223 SAWDOSBIE,,4/24/2016,4/18/2016,1,Online Search,Call Center Internal
Treadclimber,CAM44223 SAWDOSBIE,,4/24/2016,4/18/2016,1,Online Search,Call Center Internal
Bowflex Max Trainer,CAM44230 SAWDOSG2E,4/24/2016,4/24/2016,4/18/2016,1,Online Search,Call Center Internal
Bowflex Max Trainer,CAM44230 SAWDOSG2E,,4/24/2016,4/18/2016,3,Online Search,Call Center Internal
Treadclimber,CAM44230 SAWDOSG2E,,4/24/2016,4/18/2016,1,Online Search,Call Center Internal
Bowflex Max Trainer,CAM44230 SAWDOSG2E,,4/24/2016,4/18/2016,1,Online Search,Third Party Call Center - Evolve
Treadclimber,CAM44230 SAWDOSG2E,,4/24/2016,4/18/2016,1,Online Search,Third Party Call Center - Evolve
Bowflex Max Trainer,CAM44236 SAWMAX,4/24/2016,4/24/2016,4/18/2016,1,Electronic - UnSourced,Call Center Internal
Bowflex Max Trainer,CAM44236 SAWMAX,,4/24/2016,4/18/2016,6,Electronic - UnSourced,Call Center Internal
Treadclimber,CAM44236 SAWMAX,,4/24/2016,4/18/2016,3,Electronic - UnSourced,Call Center Internal
Bowflex Max Trainer,CAM44429 dosbiesl1,4/24/2016,4/24/2016,4/18/2016,8,Online Search,Web
Bowflex Max Trainer,CAM44429 dosbiesl1,,4/24/2016,4/18/2016,12,Online Search,Web
Bowflex Max Trainer,CAM44433 dege1sitemx,4/24/2016,4/24/2016,4/18/2016,12,Electronic - UnSourced,Web
Bowflex Max Trainer,CAM44433 dege1sitemx,,4/24/2016,4/18/2016,30,Electronic - UnSourced,Web
Treadclimber,CAM44433 dege1sitemx,,4/24/2016,4/18/2016,6,Electronic - UnSourced,Web
Bowflex Max Trainer,CAM44435 dosg2egl1mx,4/24/2016,4/24/2016,4/18/2016,8,Online Search,Web
Bowflex Max Trainer,CAM44435 dosg2egl1mx,,4/24/2016,4/18/2016,23,Online Search,Web
Treadclimber,CAM44435 dosg2egl1mx,,4/24/2016,4/18/2016,3,Online Search,Web
Bowflex Max Trainer,CAM44436 dosg2esl2,4/24/2016,4/24/2016,4/18/2016,15,Online Search,Web
Bowflex Max Trainer,CAM44497 dosg2esl1,4/24/2016,4/24/2016,4/18/2016,10,Online Search,Web
Bowflex Max Trainer,CAM44497 dosg2esl1,,4/24/2016,4/18/2016,21,Online Search,Web
Treadclimber,CAM44497 dosg2esl1,,4/24/2016,4/18/2016,4,Online Search,Web
Bowflex Catalog,CAM44520 dosbiegl1mx,,4/24/2016,4/18/2016,1,Online Search,Web
Bowflex Max Trainer,CAM44520 dosbiegl1mx,4/24/2016,4/24/2016,4/18/2016,4,Online Search,Web
Bowflex Max Trainer,CAM44520 dosbiegl1mx,,4/24/2016,4/18/2016,6,Online Search,Web
Bowflex Max Trainer,CAM44531 dosbiesl2,4/24/2016,4/24/2016,4/18/2016,2,Online Search,Web
Bowflex Max Trainer,CAM44560 dosg2esl5,4/24/2016,4/24/2016,4/18/2016,1,Online Search,Web
Bowflex Max Trainer,CAM44560 dosg2esl5,,4/24/2016,4/18/2016,5,Online Search,Web
Bowflex Max Trainer,CAM44626 1800BOWFLEX_BMT,4/24/2016,4/24/2016,4/18/2016,1,Electronic - UnSourced,Call Center Internal
Bowflex Max Trainer,CAM44887 dofg2efeed1,4/24/2016,4/24/2016,4/18/2016,2,Online Shopping,Web
Bowflex Max Trainer,CAM44887 dofg2efeed1,4/25/2016,4/24/2016,4/18/2016,1,Online Shopping,Web
Bowflex Max Trainer,CAM44887 dofg2efeed1,,4/24/2016,4/18/2016,14,Online Shopping,Web
Treadclimber,CAM44887 dofg2efeed1,,4/24/2016,4/18/2016,2,Online Shopping,Web
Bowflex Max Trainer,CAM44948 dofbiefeed1,4/24/2016,4/24/2016,4/18/2016,3,Online Shopping,Web
Bowflex Max Trainer,CAM44948 dofbiefeed1,,4/24/2016,4/18/2016,2,Online Shopping,Web
Bowflex Max Trainer,CAM44952 dosbieml1,4/24/2016,4/24/2016,4/18/2016,4,Online Search,Web
Bowflex Max Trainer,CAM44952 dosbieml1,,4/24/2016,4/18/2016,4,Online Search,Web
Bowflex Max Trainer,CAM45009 dosg2eml1,4/24/2016,4/24/2016,4/18/2016,14,Online Search,Web
Bowflex Max Trainer,CAM45009 dosg2eml1,,4/24/2016,4/18/2016,29,Online Search,Web
Treadclimber,CAM45009 dosg2eml1,,4/24/2016,4/18/2016,1,Online Search,Web
Bowflex Max Trainer,CAM45327 1800MAXTRAINER,4/24/2016,4/24/2016,4/18/2016,2,Un-Sourced,Call Center Internal
Bowflex Max Trainer,CAM45327 1800MAXTRAINER,,4/24/2016,4/18/2016,2,Un-Sourced,Call Center Internal
Treadclimber,CAM45327 1800MAXTRAINER,,4/24/2016,4/18/2016,1,Un-Sourced,Call Center Internal
Bowflex Max Trainer,CAM45387 DSEESF14E,4/24/2016,4/24/2016,4/18/2016,8,Electronic - Short Form,Web
Bowflex Max Trainer,CAM45387 DSEESF14E,,4/24/2016,4/18/2016,1,Electronic - Short Form,Web
Treadclimber,CAM45387 DSEESF14E,,4/24/2016,4/18/2016,1,Electronic - Short Form,Web
Bowflex Max Trainer,CAM45388 DSEESF14F,4/24/2016,4/24/2016,4/18/2016,1,Electronic - Short Form,Web
Bowflex Max Trainer,CAM45388 DSEESF14F,,4/24/2016,4/18/2016,1,Electronic - Short Form,Web
Bowflex Max Trainer,CAM45729 DOSG2ESL6,,4/24/2016,4/18/2016,1,Online Search,Web
Bowflex Max Trainer,CAM45730 DOSG2ESL7,,4/24/2016,4/18/2016,3,Online Search,Web
Bowflex Max Trainer,CAM45798 DSEESF14H,4/24/2016,4/24/2016,4/18/2016,1,Electronic - Short Form,Call Center Internal
Bowflex Max Trainer,CAM45798 DSEESF14H,4/24/2016,4/24/2016,4/18/2016,29,Electronic - Short Form,Web
Bowflex Max Trainer,CAM45798 DSEESF14H,,4/24/2016,4/18/2016,2,Electronic - Short Form,Web
Treadclimber,CAM45852 DOSG2TSL32,4/24/2016,4/24/2016,4/18/2016,7,Online Search,Web
Bowflex Max Trainer,CAM45910 DODADCEDL3,4/24/2016,4/24/2016,4/18/2016,1,Online Display,Web
Bowflex Max Trainer,CAM45910 DODADCEDL3,,4/24/2016,4/18/2016,3,Online Display,Web
Treadclimber,CAM46146 DOSBITSL17,4/24/2016,4/24/2016,4/18/2016,3,Online Search,Web
Treadclimber,CAM46146 DOSBITSL17,,4/24/2016,4/18/2016,1,Online Search,Web
Bowflex Max Trainer,CAM47150 DOSG2ESL9,4/24/2016,4/24/2016,4/18/2016,3,Online Search,Web
Bowflex Max Trainer,CAM47150 DOSG2ESL9,,4/24/2016,4/18/2016,3,Online Search,Web
Bowflex Max Trainer,CAM47151 DOSG2EML2,4/24/2016,4/24/2016,4/18/2016,6,Online Search,Web
Bowflex Max Trainer,CAM47151 DOSG2EML2,,4/24/2016,4/18/2016,5,Online Search,Web
Treadclimber,CAM47151 DOSG2EML2,,4/24/2016,4/18/2016,1,Online Search,Web
Bowflex Max Trainer,CAM47152 DOSBIESL8,,4/24/2016,4/18/2016,3,Online Search,Web
Bowflex Max Trainer,CAM47153 DOSBIEML2,,4/24/2016,4/18/2016,1,Online Search,Web
Bowflex Max Trainer,CAM47172 DOXFBEGL1,4/24/2016,4/24/2016,4/18/2016,1,Online Social,Web
Bowflex Selecttech Dumbbells,CAM47173 DOXFBDGL1,,4/24/2016,4/18/2016,1,Online Social,Web
Bowflex Revolution,CAM47235 SAWDODCTOT,,4/24/2016,4/18/2016,1,Online Display,Call Center Internal
Treadclimber,CAM47235 SAWDODCTOT,,4/24/2016,4/18/2016,1,Online Display,Call Center Internal
Bowflex Max Trainer,CAM47239 SAWDODCTOE,4/24/2016,4/24/2016,4/18/2016,1,Online Display,Call Center Internal
Bowflex Max Trainer,CAM47239 SAWDODCTOE,,4/24/2016,4/18/2016,1,Online Display,Call Center Internal
Bowflex Max Trainer,CAM47251 DODCTOEDL2,4/24/2016,4/24/2016,4/18/2016,7,Online Display,Web
Bowflex Max Trainer,CAM47251 DODCTOEDL2,4/25/2016,4/24/2016,4/18/2016,1,Online Display,Web
Bowflex Max Trainer,CAM47251 DODCTOEDL2,,4/24/2016,4/18/2016,16,Online Display,Web
Treadclimber,CAM47251 DODCTOEDL2,,4/24/2016,4/18/2016,3,Online Display,Web
Treadclimber,CAM47254 DODCTOTDL1,4/24/2016,4/24/2016,4/18/2016,6,Online Display,Web
Treadclimber,CAM47254 DODCTOTDL1,4/25/2016,4/24/2016,4/18/2016,1,Online Display,Web
Treadclimber,CAM47254 DODCTOTDL1,,4/24/2016,4/18/2016,5,Online Display,Web
Bowflex Home Gyms,CAM47262 DOSBIGSL19,,4/24/2016,4/18/2016,1,Online Search,Web
Bowflex Home Gyms,CAM47265 DOSG2GSL38,4/24/2016,4/24/2016,4/18/2016,2,Online Search,Web
Bowflex Home Gyms,CAM47265 DOSG2GSL38,,4/24/2016,4/18/2016,1,Online Search,Web
Bowflex Selecttech Dumbbells,CAM47267 DODCTODDL2,,4/24/2016,4/18/2016,1,Online Display,Web
Treadclimber,CAM47342 INSPN120ALOBYTIC,4/24/2016,4/24/2016,4/18/2016,1,Short Form,Call Center Internal
Treadclimber,CAM48184 DOXFBTSCODE001,4/24/2016,4/24/2016,4/18/2016,1,Online Social,Web
Treadclimber,CAM48185 DOXFBTSCODE002,,4/24/2016,4/18/2016,8,Online Social,Web
Treadclimber,CAM48186 DOXFBTSCODE003,4/24/2016,4/24/2016,4/18/2016,6,Online Social,Web
Treadclimber,CAM48186 DOXFBTSCODE003,,4/24/2016,4/18/2016,5,Online Social,Web
Treadclimber,CAM48188 DOXFBTSCODE005,4/24/2016,4/24/2016,4/18/2016,2,Online Social,Web
Bowflex Max Trainer,CAM48201 DOXFBESCODE001,,4/24/2016,4/18/2016,2,Online Social,Web
Treadclimber,CAM48201 DOXFBESCODE001,,4/24/2016,4/18/2016,1,Online Social,Web
Bowflex Max Trainer,CAM48202 DOXFBESCODE002,4/24/2016,4/24/2016,4/18/2016,2,Online Social,Web
Bowflex Max Trainer,CAM48202 DOXFBESCODE002,,4/24/2016,4/18/2016,13,Online Social,Web
Bowflex Max Trainer,CAM48203 DOXFBESCODE003,4/24/2016,4/24/2016,4/18/2016,6,Online Social,Web
Bowflex Max Trainer,CAM48203 DOXFBESCODE003,,4/24/2016,4/18/2016,1,Online Social,Web
Bowflex Max Trainer,CAM48205 DOXFBESCODE005,4/24/2016,4/24/2016,4/18/2016,6,Online Social,Web
Bowflex Max Trainer,CAM48205 DOXFBESCODE005,,4/24/2016,4/18/2016,5,Online Social,Web
Bowflex Selecttech Dumbbells,CAM48206 SAWDOXFBDSCODE,,4/24/2016,4/18/2016,1,Online Social,Call Center Internal
Bowflex Selecttech Dumbbells,CAM48208 DOXFBDSCODE002,,4/24/2016,4/18/2016,5,Online Social,Web
Bowflex Selecttech Dumbbells,CAM48209 DOXFBDSCODE003,4/24/2016,4/24/2016,4/18/2016,4,Online Social,Web
Bowflex Selecttech Dumbbells,CAM48209 DOXFBDSCODE003,,4/24/2016,4/18/2016,5,Online Social,Web
Bowflex Home Gyms,CAM48212 SAWDOXFBGSCODE,,4/24/2016,4/18/2016,1,Online Social,Call Center Internal
Bowflex Home Gyms,CAM48217 DOXFBGSCODE005,4/24/2016,4/24/2016,4/18/2016,1,Online Social,Web
Bowflex Max Trainer,CAM48254 DPEEPRINT15C,4/24/2016,4/24/2016,4/18/2016,1,Electronic - Print,Web
Treadclimber,CAM48496 HMM*N120HKINGTIC,4/24/2016,4/24/2016,4/18/2016,8,Short Form,Call Center Internal
Treadclimber,CAM48501 METVN120HKINGTIC,4/24/2016,4/24/2016,4/18/2016,2,Short Form,Call Center Internal
Treadclimber,CAM48501 METVN120HKINGTIC,,4/24/2016,4/18/2016,1,Short Form,Call Center Internal
Treadclimber,CAM48509 DCADN120HKINGTIC,4/24/2016,4/24/2016,4/18/2016,1,Short Form,Call Center Internal
Treadclimber,CAM48510 TESCN120HKINGTIC,4/24/2016,4/24/2016,4/18/2016,4,Short Form,Call Center Internal
Treadclimber,CAM48517 LMN*N60*HKINGTIC,4/24/2016,4/24/2016,4/18/2016,7,Short Form,Call Center Internal
Treadclimber,CAM48517 LMN*N60*HKINGTIC,4/24/2016,4/24/2016,4/18/2016,1,Short Form,Third Party Call Center - Evolve
Treadclimber,CAM48518 INSPN180HKINGTIC,4/24/2016,4/24/2016,4/18/2016,14,Short Form,Call Center Internal
Treadclimber,CAM48518 INSPN180HKINGTIC,,4/24/2016,4/18/2016,1,Short Form,Call Center Internal
Treadclimber,CAM48518 INSPN180HKINGTIC,4/24/2016,4/24/2016,4/18/2016,1,Short Form,Third Party Call Center - Evolve
Treadclimber,CAM48518 INSPN180HKINGTIC,4/24/2016,4/24/2016,4/18/2016,1,Short Form,Third Party Call Center - West
Treadclimber,CAM48520 DLFEN180HKINGTIC,4/24/2016,4/24/2016,4/18/2016,1,Short Form,Call Center Internal
Treadclimber,CAM48521 HMM*N180HKINGTIC,4/24/2016,4/24/2016,4/18/2016,5,Short Form,Call Center Internal
Treadclimber,CAM48521 HMM*N180HKINGTIC,4/24/2016,4/24/2016,4/18/2016,4,Short Form,Third Party Call Center - Evolve
Treadclimber,CAM48521 HMM*N180HKINGTIC,,4/24/2016,4/18/2016,1,Short Form,Third Party Call Center - Evolve
Treadclimber,CAM48521 HMM*N180HKINGTIC,4/24/2016,4/24/2016,4/18/2016,1,Short Form,Third Party Call Center - West
Bowflex Max Trainer,CAM48728 MX10P60*J14FSTIC,4/24/2016,4/24/2016,4/18/2016,4,Short Form,Third Party Call Center - West
Bowflex Max Trainer,CAM48740 MX22P60*J14FSTIC,4/24/2016,4/24/2016,4/18/2016,1,Short Form,Third Party Call Center - West
Bowflex Max Trainer,CAM48744 FOX*NVODJ14FSTIC,4/24/2016,4/24/2016,4/18/2016,2,Short Form,Call Center Internal
Bowflex Max Trainer,CAM48744 FOX*NVODJ14FSTIC,,4/24/2016,4/18/2016,1,Short Form,Call Center Internal
Bowflex Max Trainer,CAM48745 SUNDN120J14FSTIC,4/24/2016,4/24/2016,4/18/2016,7,Short Form,Call Center Internal
Bowflex Max Trainer,CAM48750 IFC*N120J14FSTIC,4/24/2016,4/24/2016,4/18/2016,1,Short Form,Call Center Internal
Bowflex Max Trainer,CAM48753 RELZN120J14FSTIC,4/24/2016,4/24/2016,4/18/2016,4,Short Form,Call Center Internal
Bowflex Max Trainer,CAM48754 JUSTN120J14FSTIC,4/24/2016,4/24/2016,4/18/2016,2,Short Form,Call Center Internal
Bowflex Max Trainer,CAM48775 SUNDN180JACFSTIC,4/24/2016,4/24/2016,4/18/2016,1,Short Form,Call Center Internal
Bowflex Max Trainer,CAM48775 SUNDN180JACFSTIC,,4/24/2016,4/18/2016,1,Short Form,Call Center Internal
Bowflex Max Trainer,CAM48777 VH1CN180JACFSTIC,4/24/2016,4/24/2016,4/18/2016,4,Short Form,Call Center Internal
Bowflex Max Trainer,CAM48777 VH1CN180JACFSTIC,4/24/2016,4/24/2016,4/18/2016,1,Short Form,Third Party Call Center - Evolve
Bowflex Max Trainer,CAM48796 DESTN5MNHAMFSTIC,,4/24/2016,4/18/2016,1,Short Form,Third Party Call Center - Evolve
Treadclimber,CAM48811 MOVSN120HKINGTIC,4/24/2016,4/24/2016,4/18/2016,2,Short Form,Call Center Internal
Treadclimber,CAM48811 MOVSN120HKINGTIC,,4/24/2016,4/18/2016,1,Short Form,Call Center Internal
Bowflex Max Trainer,CAM48876 DSEESF15A,4/24/2016,4/24/2016,4/18/2016,14,Electronic - Short Form,Web
Bowflex Max Trainer,CAM48876 DSEESF15A,,4/24/2016,4/18/2016,2,Electronic - Short Form,Web
Treadclimber,CAM48876 DSEESF15A,,4/24/2016,4/18/2016,1,Electronic - Short Form,Web
Bowflex Catalog,CAM48920 DCBHOMEWIN16,4/24/2016,4/24/2016,4/18/2016,3,Catalog,Web
Bowflex Catalog,CAM48920 DCBHOMEWIN16,,4/24/2016,4/18/2016,5,Catalog,Web
Bowflex Home Gyms,CAM48920 DCBHOMEWIN16,,4/24/2016,4/18/2016,1,Catalog,Web
Bowflex Max Trainer,CAM48920 DCBHOMEWIN16,,4/24/2016,4/18/2016,1,Catalog,Web
Bowflex Selecttech Dumbbells,CAM48920 DCBHOMEWIN16,,4/24/2016,4/18/2016,1,Catalog,Web
Treadclimber,CAM48927 DODSTLTDL7,,4/24/2016,4/18/2016,3,Online Display,Web
Bowflex Max Trainer,CAM48967 PALLN5MNHAMFSTIC,4/24/2016,4/24/2016,4/18/2016,2,Short Form,Call Center Internal
Bowflex Max Trainer,CAM48975 DOFG2EFEED2,4/24/2016,4/24/2016,4/18/2016,3,Online Shopping,Web
Bowflex Max Trainer,CAM48975 DOFG2EFEED2,,4/24/2016,4/18/2016,17,Online Shopping,Web
Bowflex Catalog,CAM48980 DOFG2CFEED3,4/24/2016,4/24/2016,4/18/2016,1,Online Shopping,Web
Bowflex Catalog,CAM48980 DOFG2CFEED3,,4/24/2016,4/18/2016,2,Online Shopping,Web
Bowflex Max Trainer,CAM48980 DOFG2CFEED3,,4/24/2016,4/18/2016,1,Online Shopping,Web
Treadclimber,CAM48980 DOFG2CFEED3,,4/24/2016,4/18/2016,1,Online Shopping,Web
Bowflex Max Trainer,CAM48984 DOSG2ESL11,,4/24/2016,4/18/2016,2,Online Search,Web
Treadclimber,CAM48984 DOSG2ESL11,,4/24/2016,4/18/2016,1,Online Search,Web
Treadclimber,CAM49102 DOXFBTSCODE018,,4/24/2016,4/18/2016,1,Online Social,Web
Bowflex Home Gyms,CAM49112 DOXFBGSCODE011,,4/24/2016,4/18/2016,1,Online Social,Web
Bowflex Max Trainer,CAM49156 FOXNN120J14FSTIC,4/24/2016,4/24/2016,4/18/2016,1,Short Form,Third Party Call Center - Evolve
Treadclimber,CAM49206 P05161STWMNLACY,4/24/2016,4/24/2016,4/18/2016,1,Print,Call Center Internal
Treadclimber,CAM49206 P05161STWMNLACY,4/24/2016,4/24/2016,4/18/2016,1,Print,Third Party Call Center - Evolve
Treadclimber,CAM49226 HMM*N120WMN16TIC,4/24/2016,4/24/2016,4/18/2016,3,Short Form,Third Party Call Center - Evolve
Treadclimber,CAM49228 INSPN120BOO16TIC,4/24/2016,4/24/2016,4/18/2016,2,Short Form,Call Center Internal
Treadclimber,CAM49228 INSPN120BOO16TIC,4/24/2016,4/24/2016,4/18/2016,3,Short Form,Third Party Call Center - Evolve
Treadclimber,CAM49232 DCADN120BOO16TIC,4/24/2016,4/24/2016,4/18/2016,2,Short Form,Call Center Internal
Treadclimber,CAM49232 DCADN120BOO16TIC,4/24/2016,4/24/2016,4/18/2016,2,Short Form,Third Party Call Center - Evolve
Treadclimber,CAM49233 TESCN120WMN16TIC,4/24/2016,4/24/2016,4/18/2016,5,Short Form,Call Center Internal
Treadclimber,CAM49234 GET*N120BOO16TIC,4/24/2016,4/24/2016,4/18/2016,2,Short Form,Call Center Internal
Treadclimber,CAM49237 MOVSN120BOO16TIC,4/24/2016,4/24/2016,4/18/2016,2,Short Form,Call Center Internal
Treadclimber,CAM49239 P0416ENTWKLYNICBR,4/24/2016,4/24/2016,4/18/2016,1,Print,Call Center Internal
Bowflex Max Trainer,CAM49246 DODSTLEDL1,,4/24/2016,4/18/2016,3,Online Display,Web
Treadclimber,CAM49246 DODSTLEDL1,,4/24/2016,4/18/2016,1,Online Display,Web
Treadclimber,CAM49292 DSETSF16A,4/24/2016,4/24/2016,4/18/2016,13,Electronic - Short Form,Web
Treadclimber,CAM49293 DSETSF16B,4/24/2016,4/24/2016,4/18/2016,11,Electronic - Short Form,Web
Bowflex Max Trainer,CAM49295 DSEESF16A,4/24/2016,4/24/2016,4/18/2016,3,Electronic - Short Form,Web
Bowflex Max Trainer,CAM49295 DSEESF16A,,4/24/2016,4/18/2016,1,Electronic - Short Form,Web
Bowflex Max Trainer,CAM49298 DTVAN60*J14FSTIC,4/24/2016,4/24/2016,4/18/2016,4,Short Form,Call Center Internal
Bowflex Max Trainer,CAM49298 DTVAN60*J14FSTIC,,4/24/2016,4/18/2016,1,Short Form,Call Center Internal
Treadclimber,CAM49298 DTVAN60*J14FSTIC,,4/24/2016,4/18/2016,1,Short Form,Call Center Internal
Treadclimber,CAM6110 SAWGOOGTC,,4/24/2016,4/18/2016,4,Online,Call Center Internal
Bowflex Home Gyms,CAM11920 SAWWEBST,,4/25/2016,4/25/2016,1,Electronic - UnSourced,Call Center Internal
Bowflex Max Trainer,CAM11920 SAWWEBST,,4/25/2016,4/25/2016,1,Electronic - UnSourced,Call Center Internal
Bowflex Selecttech Dumbbells,CAM11920 SAWWEBST,,4/25/2016,4/25/2016,1,Electronic - UnSourced,Call Center Internal
Treadclimber,CAM11920 SAWWEBST,,4/25/2016,4/25/2016,1,Electronic - UnSourced,Call Center Internal
Bowflex Catalog,CAM127 1800BOWFLEX_BFC,4/25/2016,4/25/2016,4/25/2016,3,Electronic - UnSourced,Call Center Internal
Bowflex Catalog,CAM127 1800BOWFLEX_BFC,,4/25/2016,4/25/2016,3,Electronic - UnSourced,Call Center Internal
Bowflex Selecttech Dumbbells,CAM127 1800BOWFLEX_BFC,,4/25/2016,4/25/2016,1,Electronic - UnSourced,Call Center Internal
Treadclimber,CAM16414 DEGBFTRC,4/25/2016,4/25/2016,4/25/2016,7,Electronic - UnSourced,Web
Treadclimber,CAM16414 DEGBFTRC,,4/25/2016,4/25/2016,14,Electronic - UnSourced,Web
Treadclimber,CAM16426 DSETDIR,4/25/2016,4/25/2016,4/25/2016,11,Electronic - Short Form,Web
Treadclimber,CAM16426 DSETDIR,,4/25/2016,4/25/2016,1,Electronic - Short Form,Web
Bowflex Home Gyms,CAM16616 DEGBFBHG,4/25/2016,4/25/2016,4/25/2016,1,Electronic - UnSourced,Web
Bowflex Home Gyms,CAM16616 DEGBFBHG,,4/25/2016,4/25/2016,4,Electronic - UnSourced,Web
Bowflex Catalog,CAM23584 degcfootlinkbf,4/25/2016,4/25/2016,4/25/2016,2,Electronic - UnSourced,Web
Bowflex Catalog,CAM23587 degcfootlinktc,4/25/2016,4/25/2016,4/25/2016,3,Electronic - UnSourced,Web
Bowflex Selecttech Dumbbells,CAM23877 degd1sitest,4/25/2016,4/25/2016,4/25/2016,1,Electronic - UnSourced,Web
Bowflex Selecttech Dumbbells,CAM23877 degd1sitest,,4/25/2016,4/25/2016,8,Electronic - UnSourced,Web
Treadclimber,CAM23879 degt1sitetc,4/25/2016,4/25/2016,4/25/2016,3,Electronic - UnSourced,Web
Treadclimber,CAM23879 degt1sitetc,,4/25/2016,4/25/2016,7,Electronic - UnSourced,Web
Bowflex Home Gyms,CAM25756 DEGSAWBFG,,4/25/2016,4/25/2016,3,Electronic - UnSourced,Call Center Internal
Bowflex Home Gyms,CAM28157 SALESFOLLOWUP,,4/25/2016,4/25/2016,5,Un-Sourced,Call Center Internal
Treadclimber,CAM28157 SALESFOLLOWUP,,4/25/2016,4/25/2016,1,Un-Sourced,Call Center Internal
Bowflex Home Gyms,CAM28771 degg1siteg,4/25/2016,4/25/2016,4/25/2016,5,Electronic - UnSourced,Web
Bowflex Home Gyms,CAM28771 degg1siteg,,4/25/2016,4/25/2016,7,Electronic - UnSourced,Web
Bowflex Home Gyms,CAM30755 dosg2gsl1,,4/25/2016,4/25/2016,2,Online Search,Web
Bowflex Revolution,CAM30755 dosg2gsl1,,4/25/2016,4/25/2016,1,Online Search,Web
Bowflex Home Gyms,CAM30796 SAWDOSG2G,,4/25/2016,4/25/2016,2,Online Search,Call Center Internal
Bowflex Revolution,CAM30796 SAWDOSG2G,,4/25/2016,4/25/2016,1,Online Search,Call Center Internal
Treadclimber,CAM30796 SAWDOSG2G,,4/25/2016,4/25/2016,1,Online Search,Call Center Internal
Bowflex Home Gyms,CAM31080 dosg2ggl1bf,4/25/2016,4/25/2016,4/25/2016,7,Online Search,Web
Bowflex Home Gyms,CAM31080 dosg2ggl1bf,,4/25/2016,4/25/2016,12,Online Search,Web
Bowflex Revolution,CAM31080 dosg2ggl1bf,,4/25/2016,4/25/2016,1,Online Search,Web
Treadclimber,CAM31080 dosg2ggl1bf,,4/25/2016,4/25/2016,1,Online Search,Web
Bowflex Home Gyms,CAM31081 dosg2gl1,,4/25/2016,4/25/2016,1,Online Search,Web
Treadclimber,CAM31082 dosg2tgl1tc,4/25/2016,4/25/2016,4/25/2016,2,Online Search,Web
Treadclimber,CAM31082 dosg2tgl1tc,,4/25/2016,4/25/2016,4,Online Search,Web
Bowflex Home Gyms,CAM32062 dofg2gfeed1,,4/25/2016,4/25/2016,1,Online Shopping,Web
- None -,CAM32123 dofg2tfeed1,,4/25/2016,4/25/2016,1,Online Shopping,Call Center Internal
Treadclimber,CAM32123 dofg2tfeed1,,4/25/2016,4/25/2016,1,Online Shopping,Web
Bowflex Home Gyms,CAM32136 deggbhg,4/25/2016,4/25/2016,4/25/2016,5,Electronic - UnSourced,Web
Bowflex Home Gyms,CAM32136 deggbhg,,4/25/2016,4/25/2016,2,Electronic - UnSourced,Web
Bowflex Catalog,CAM32376 dosg2csl1,4/25/2016,4/25/2016,4/25/2016,2,Online Search,Web
Bowflex Catalog,CAM32380 dosmsncsl1,,4/25/2016,4/25/2016,1,Online Search,Web
Bowflex Revolution,CAM32380 dosmsncsl1,,4/25/2016,4/25/2016,1,Online Search,Web
Treadclimber,CAM32595 SAWDOSBIT,,4/25/2016,4/25/2016,2,Online Search,Call Center Internal
Bowflex Selecttech Dumbbells,CAM32678 dosg2dgl1st,,4/25/2016,4/25/2016,7,Online Search,Web
Treadclimber,CAM33117 dosg2tmobile,4/25/2016,4/25/2016,4/25/2016,8,Online Search,Web
Treadclimber,CAM33117 dosg2tmobile,,4/25/2016,4/25/2016,2,Online Search,Web
Bowflex Catalog,CAM33953 SAWDOFG2C,,4/25/2016,4/25/2016,2,Online Shopping,Call Center Internal
Bowflex Max Trainer,CAM33953 SAWDOFG2C,,4/25/2016,4/25/2016,2,Online Shopping,Call Center Internal
Bowflex Catalog,CAM33966 dofg2cfeed1,4/25/2016,4/25/2016,4/25/2016,1,Online Shopping,Web
Bowflex Catalog,CAM33966 dofg2cfeed1,,4/25/2016,4/25/2016,2,Online Shopping,Web
Bowflex Home Gyms,CAM33966 dofg2cfeed1,,4/25/2016,4/25/2016,1,Online Shopping,Web
Bowflex Selecttech Dumbbells,CAM34888 degdbst,4/25/2016,4/25/2016,4/25/2016,3,Electronic - UnSourced,Web
Bowflex Selecttech Dumbbells,CAM34888 degdbst,,4/25/2016,4/25/2016,8,Electronic - UnSourced,Web
Treadclimber,CAM36075 dsetsf11a,,4/25/2016,4/25/2016,1,Electronic - Short Form,Web
Treadclimber,CAM36078 dsetsf11d,4/25/2016,4/25/2016,4/25/2016,1,Electronic - Short Form,Web
Bowflex Home Gyms,CAM36104 SAWSF11E,,4/25/2016,4/25/2016,1,Electronic - Short Form,Call Center Internal
Treadclimber,CAM36104 SAWSF11E,,4/25/2016,4/25/2016,1,Electronic - Short Form,Call Center Internal
Treadclimber,CAM36194 dosg2tsl1,,4/25/2016,4/25/2016,1,Online Search,Web
Treadclimber,CAM36287 SAWSF11G,4/25/2016,4/25/2016,4/25/2016,1,Electronic - Short Form,Call Center Internal
Treadclimber,CAM36298 dsetsf11g,4/25/2016,4/25/2016,4/25/2016,12,Electronic - Short Form,Web
Treadclimber,CAM36298 dsetsf11g,5/2/2016,4/25/2016,4/25/2016,1,Electronic - Short Form,Web
Treadclimber,CAM36298 dsetsf11g,,4/25/2016,4/25/2016,1,Electronic - Short Form,Web
Treadclimber,CAM36605 SAWSF12A,4/25/2016,4/25/2016,4/25/2016,1,Electronic - Short Form,Call Center Internal
Treadclimber,CAM36608 dsetsf12a,4/25/2016,4/25/2016,4/25/2016,54,Electronic - Short Form,Web
Treadclimber,CAM36608 dsetsf12a,4/26/2016,4/25/2016,4/25/2016,1,Electronic - Short Form,Web
Treadclimber,CAM36608 dsetsf12a,,4/25/2016,4/25/2016,8,Electronic - Short Form,Web
Treadclimber,CAM36797 dpetprint12a,4/25/2016,4/25/2016,4/25/2016,2,Electronic - Print,Web
Treadclimber,CAM36797 dpetprint12a,,4/25/2016,4/25/2016,1,Electronic - Print,Web
Treadclimber,CAM36885 dosbitsl2,4/25/2016,4/25/2016,4/25/2016,1,Online Search,Web
Treadclimber,CAM36885 dosbitsl2,,4/25/2016,4/25/2016,1,Online Search,Web
Treadclimber,CAM36923 dpetprint12b,4/25/2016,4/25/2016,4/25/2016,1,Electronic - Print,Web
Bowflex Selecttech Dumbbells,CAM37112 dosg2dsl11,,4/25/2016,4/25/2016,2,Online Search,Web
Bowflex Home Gyms,CAM37148 dosg2dsl12,,4/25/2016,4/25/2016,1,Online Search,Web
Bowflex Selecttech Dumbbells,CAM37148 dosg2dsl12,,4/25/2016,4/25/2016,2,Online Search,Web
Treadclimber,CAM37269 dpetprint12d,4/25/2016,4/25/2016,4/25/2016,1,Electronic - Print,Web
Bowflex Selecttech Dumbbells,CAM37428 dosg2dsl14,,4/25/2016,4/25/2016,1,Online Search,Web
Bowflex Home Gyms,CAM37434 dosg2gsl29,4/25/2016,4/25/2016,4/25/2016,4,Online Search,Web
Bowflex Revolution,CAM37434 dosg2gsl29,,4/25/2016,4/25/2016,1,Online Search,Web
Treadclimber,CAM37440 dosg2tsl21,4/25/2016,4/25/2016,4/25/2016,5,Online Search,Web
Treadclimber,CAM37440 dosg2tsl21,,4/25/2016,4/25/2016,16,Online Search,Web
Treadclimber,CAM37442 dosg2tsl23,,4/25/2016,4/25/2016,1,Online Search,Web
Treadclimber,CAM37443 dosg2tsl24,4/25/2016,4/25/2016,4/25/2016,1,Online Search,Web
Treadclimber,CAM37443 dosg2tsl24,,4/25/2016,4/25/2016,2,Online Search,Web
Treadclimber,CAM37492 dosbitsl5,4/25/2016,4/25/2016,4/25/2016,2,Online Search,Web
Treadclimber,CAM37493 dosbitsl6,4/25/2016,4/25/2016,4/25/2016,1,Online Search,Web
Treadclimber,CAM37579 dpetprint12e,4/25/2016,4/25/2016,4/25/2016,1,Electronic - Print,Web
Treadclimber,CAM37655 dosbitsl10,,4/25/2016,4/25/2016,2,Online Search,Web
Treadclimber,CAM38842 dosg2tsl27,4/25/2016,4/25/2016,4/25/2016,7,Online Search,Web
Treadclimber,CAM39387 dodmagtdl3,4/25/2016,4/25/2016,4/25/2016,1,Online Display,Web
Treadclimber,CAM39391 dodrftdl4,4/25/2016,4/25/2016,4/25/2016,2,Online Display,Web
Bowflex Selecttech Dumbbells,CAM39439 dosbidgl1st,,4/25/2016,4/25/2016,3,Online Search,Web
Bowflex Home Gyms,CAM39440 dosbiggl1bf,4/25/2016,4/25/2016,4/25/2016,1,Online Search,Web
Bowflex Home Gyms,CAM39440 dosbiggl1bf,,4/25/2016,4/25/2016,1,Online Search,Web
Bowflex Revolution,CAM39440 dosbiggl1bf,,4/25/2016,4/25/2016,1,Online Search,Web
Treadclimber,CAM39442 dosbitgl1tc,4/25/2016,4/25/2016,4/25/2016,1,Online Search,Web
Treadclimber,CAM39442 dosbitgl1tc,,4/25/2016,4/25/2016,1,Online Search,Web
Bowflex Catalog,CAM40820 1800BFXCATALOG,,4/25/2016,4/25/2016,1,Un-Sourced,Call Center Internal
Bowflex Home Gyms,CAM40821 1800BOWFLEX,,4/25/2016,4/25/2016,5,Un-Sourced,Call Center Internal
Treadclimber,CAM40825 1800TREADCLIMBER,4/25/2016,4/25/2016,4/25/2016,1,Un-Sourced,Call Center Internal
Treadclimber,CAM40825 1800TREADCLIMBER,,4/25/2016,4/25/2016,2,Un-Sourced,Call Center Internal
Bowflex Max Trainer,CAM41189 degemax,4/25/2016,4/25/2016,4/25/2016,22,Electronic - UnSourced,Web
Bowflex Max Trainer,CAM41189 degemax,4/30/2016,4/25/2016,4/25/2016,1,Electronic - UnSourced,Web
Bowflex Max Trainer,CAM41189 degemax,5/2/2016,4/25/2016,4/25/2016,1,Electronic - UnSourced,Web
Bowflex Max Trainer,CAM41189 degemax,,4/25/2016,4/25/2016,36,Electronic - UnSourced,Web
Treadclimber,CAM41189 degemax,,4/25/2016,4/25/2016,6,Electronic - UnSourced,Web
Treadclimber,CAM43666 dosg2tmobile4,4/25/2016,4/25/2016,4/25/2016,4,Online Search,Web
Treadclimber,CAM43666 dosg2tmobile4,,4/25/2016,4/25/2016,5,Online Search,Web
Treadclimber,CAM43683 dosbitsl14,4/25/2016,4/25/2016,4/25/2016,3,Online Search,Web
Treadclimber,CAM43804 dosg2tmobile6,4/25/2016,4/25/2016,4/25/2016,4,Online Search,Web
Treadclimber,CAM43804 dosg2tmobile6,,4/25/2016,4/25/2016,4,Online Search,Web
Treadclimber,CAM44065 SAWDOSG2TMOBILE2,,4/25/2016,4/25/2016,1,Online Search,Call Center Internal
Treadclimber,CAM44108 dosbitsl13,4/25/2016,4/25/2016,4/25/2016,2,Online Search,Web
Bowflex Max Trainer,CAM44172 dseesf14a,4/25/2016,4/25/2016,4/25/2016,49,Electronic - Short Form,Web
Bowflex Max Trainer,CAM44172 dseesf14a,,4/25/2016,4/25/2016,2,Electronic - Short Form,Web
Bowflex Max Trainer,CAM44191 dseesf14d,4/25/2016,4/25/2016,4/25/2016,4,Electronic - Short Form,Web
Treadclimber,CAM44223 SAWDOSBIE,,4/25/2016,4/25/2016,1,Online Search,Call Center Internal
Bowflex Max Trainer,CAM44223 SAWDOSBIE,4/25/2016,4/25/2016,4/25/2016,1,Online Search,Third Party Call Center - Evolve
Bowflex Max Trainer,CAM44230 SAWDOSG2E,,4/25/2016,4/25/2016,9,Online Search,Call Center Internal
Bowflex Revolution,CAM44230 SAWDOSG2E,,4/25/2016,4/25/2016,1,Online Search,Call Center Internal
Treadclimber,CAM44230 SAWDOSG2E,,4/25/2016,4/25/2016,1,Online Search,Call Center Internal
Bowflex Max Trainer,CAM44230 SAWDOSG2E,4/25/2016,4/25/2016,4/25/2016,2,Online Search,Third Party Call Center - Evolve
Bowflex Max Trainer,CAM44236 SAWMAX,4/25/2016,4/25/2016,4/25/2016,2,Electronic - UnSourced,Call Center Internal
Bowflex Max Trainer,CAM44236 SAWMAX,,4/25/2016,4/25/2016,7,Electronic - UnSourced,Call Center Internal
Bowflex Revolution,CAM44236 SAWMAX,,4/25/2016,4/25/2016,1,Electronic - UnSourced,Call Center Internal
Treadclimber,CAM44236 SAWMAX,,4/25/2016,4/25/2016,4,Electronic - UnSourced,Call Center Internal
Bowflex Max Trainer,CAM44236 SAWMAX,4/25/2016,4/25/2016,4/25/2016,1,Electronic - UnSourced,Third Party Call Center - Evolve
Bowflex Max Trainer,CAM44429 dosbiesl1,4/25/2016,4/25/2016,4/25/2016,5,Online Search,Web
Bowflex Max Trainer,CAM44429 dosbiesl1,,4/25/2016,4/25/2016,6,Online Search,Web
Bowflex Max Trainer,CAM44433 dege1sitemx,4/25/2016,4/25/2016,4/25/2016,6,Electronic - UnSourced,Web
Bowflex Max Trainer,CAM44433 dege1sitemx,,4/25/2016,4/25/2016,27,Electronic - UnSourced,Web
Treadclimber,CAM44433 dege1sitemx,,4/25/2016,4/25/2016,7,Electronic - UnSourced,Web
Bowflex Max Trainer,CAM44435 dosg2egl1mx,4/25/2016,4/25/2016,4/25/2016,5,Online Search,Web
Bowflex Max Trainer,CAM44435 dosg2egl1mx,,4/25/2016,4/25/2016,22,Online Search,Web
Treadclimber,CAM44435 dosg2egl1mx,,4/25/2016,4/25/2016,4,Online Search,Web
Bowflex Max Trainer,CAM44436 dosg2esl2,4/25/2016,4/25/2016,4/25/2016,10,Online Search,Web
Bowflex Catalog,CAM44497 dosg2esl1,,4/25/2016,4/25/2016,1,Online Search,Web
Bowflex Max Trainer,CAM44497 dosg2esl1,4/25/2016,4/25/2016,4/25/2016,11,Online Search,Web
Bowflex Max Trainer,CAM44497 dosg2esl1,,4/25/2016,4/25/2016,21,Online Search,Web
Treadclimber,CAM44497 dosg2esl1,,4/25/2016,4/25/2016,7,Online Search,Web
Bowflex Catalog,CAM44520 dosbiegl1mx,,4/25/2016,4/25/2016,1,Online Search,Web
Bowflex Max Trainer,CAM44520 dosbiegl1mx,4/25/2016,4/25/2016,4/25/2016,4,Online Search,Web
Bowflex Max Trainer,CAM44520 dosbiegl1mx,,4/25/2016,4/25/2016,8,Online Search,Web
Treadclimber,CAM44520 dosbiegl1mx,,4/25/2016,4/25/2016,1,Online Search,Web
Bowflex Max Trainer,CAM44531 dosbiesl2,4/25/2016,4/25/2016,4/25/2016,1,Online Search,Web
Bowflex Max Trainer,CAM44539 SAWDOSG2EMOBILE2,,4/25/2016,4/25/2016,1,Online Search,Call Center Internal
Treadclimber,CAM44539 SAWDOSG2EMOBILE2,,4/25/2016,4/25/2016,2,Online Search,Call Center Internal
Bowflex Max Trainer,CAM44551 dosg2esl4,,4/25/2016,4/25/2016,1,Online Search,Web
Bowflex Max Trainer,CAM44560 dosg2esl5,,4/25/2016,4/25/2016,4,Online Search,Web
Bowflex Max Trainer,CAM44626 1800BOWFLEX_BMT,,4/25/2016,4/25/2016,1,Electronic - UnSourced,Call Center Internal
Treadclimber,CAM44626 1800BOWFLEX_BMT,,4/25/2016,4/25/2016,2,Electronic - UnSourced,Call Center Internal
Bowflex Selecttech Dumbbells,CAM44678 dosg2dsl21,,4/25/2016,4/25/2016,1,Online Search,Web
Bowflex Max Trainer,CAM44887 dofg2efeed1,,4/25/2016,4/25/2016,1,Online Shopping,Call Center Internal
Bowflex Max Trainer,CAM44887 dofg2efeed1,4/25/2016,4/25/2016,4/25/2016,4,Online Shopping,Web
Bowflex Max Trainer,CAM44887 dofg2efeed1,,4/25/2016,4/25/2016,11,Online Shopping,Web
Treadclimber,CAM44887 dofg2efeed1,,4/25/2016,4/25/2016,3,Online Shopping,Web
Bowflex Max Trainer,CAM44937 dofszefeed1,,4/25/2016,4/25/2016,2,Online Shopping,Web
Bowflex Max Trainer,CAM44952 dosbieml1,4/25/2016,4/25/2016,4/25/2016,3,Online Search,Web
Bowflex Max Trainer,CAM44952 dosbieml1,,4/25/2016,4/25/2016,2,Online Search,Web
Bowflex Max Trainer,CAM45009 dosg2eml1,4/25/2016,4/25/2016,4/25/2016,14,Online Search,Web
Bowflex Max Trainer,CAM45009 dosg2eml1,,4/25/2016,4/25/2016,31,Online Search,Web
Treadclimber,CAM45009 dosg2eml1,,4/25/2016,4/25/2016,3,Online Search,Web
Bowflex Max Trainer,CAM45043 SAWDOFG2E,4/25/2016,4/25/2016,4/25/2016,1,Online Shopping,Call Center Internal
Bowflex Max Trainer,CAM45043 SAWDOFG2E,,4/25/2016,4/25/2016,1,Online Shopping,Call Center Internal
Treadclimber,CAM45043 SAWDOFG2E,,4/25/2016,4/25/2016,1,Online Shopping,Call Center Internal
Bowflex Catalog,CAM45327 1800MAXTRAINER,,4/25/2016,4/25/2016,1,Un-Sourced,Call Center Internal
Bowflex Max Trainer,CAM45327 1800MAXTRAINER,4/25/2016,4/25/2016,4/25/2016,2,Un-Sourced,Call Center Internal
Bowflex Max Trainer,CAM45327 1800MAXTRAINER,,4/25/2016,4/25/2016,6,Un-Sourced,Call Center Internal
Schwinn,CAM45327 1800MAXTRAINER,,4/25/2016,4/25/2016,1,Un-Sourced,Call Center Internal
Treadclimber,CAM45327 1800MAXTRAINER,,4/25/2016,4/25/2016,2,Un-Sourced,Call Center Internal
Bowflex Max Trainer,CAM45387 DSEESF14E,4/25/2016,4/25/2016,4/25/2016,4,Electronic - Short Form,Web
Bowflex Max Trainer,CAM45387 DSEESF14E,,4/25/2016,4/25/2016,1,Electronic - Short Form,Web
Bowflex Max Trainer,CAM45388 DSEESF14F,4/25/2016,4/25/2016,4/25/2016,6,Electronic - Short Form,Web
Bowflex Max Trainer,CAM45729 DOSG2ESL6,,4/25/2016,4/25/2016,4,Online Search,Web
Bowflex Max Trainer,CAM45730 DOSG2ESL7,,4/25/2016,4/25/2016,8,Online Search,Web
Treadclimber,CAM45730 DOSG2ESL7,,4/25/2016,4/25/2016,2,Online Search,Web
Bowflex Max Trainer,CAM45732 DOSBIESL7,,4/25/2016,4/25/2016,2,Online Search,Web
Treadclimber,CAM45732 DOSBIESL7,,4/25/2016,4/25/2016,1,Online Search,Web
Bowflex Max Trainer,CAM45736 DODRFEDL3,4/25/2016,4/25/2016,4/25/2016,2,Online Display,Web
Bowflex Max Trainer,CAM45736 DODRFEDL3,,4/25/2016,4/25/2016,1,Online Display,Web
Treadclimber,CAM45736 DODRFEDL3,,4/25/2016,4/25/2016,1,Online Display,Web
Bowflex Max Trainer,CAM45798 DSEESF14H,,4/25/2016,4/25/2016,1,Electronic - Short Form,Call Center Internal
Bowflex Max Trainer,CAM45798 DSEESF14H,4/25/2016,4/25/2016,4/25/2016,11,Electronic - Short Form,Web
Bowflex Max Trainer,CAM45799 DSEESF14I,4/25/2016,4/25/2016,4/25/2016,1,Electronic - Short Form,Web
Bowflex Max Trainer,CAM45800 DSEESF14J,4/25/2016,4/25/2016,4/25/2016,1,Electronic - Short Form,Web
Treadclimber,CAM45852 DOSG2TSL32,4/25/2016,4/25/2016,4/25/2016,8,Online Search,Web
Treadclimber,CAM45898 DOXFBERESPONSE,,4/25/2016,4/25/2016,1,Online Social,Call Center Internal
Bowflex Max Trainer,CAM45910 DODADCEDL3,4/25/2016,4/25/2016,4/25/2016,2,Online Display,Web
Bowflex Max Trainer,CAM45910 DODADCEDL3,,4/25/2016,4/25/2016,1,Online Display,Web
Treadclimber,CAM46146 DOSBITSL17,4/25/2016,4/25/2016,4/25/2016,1,Online Search,Web
Treadclimber,CAM46738 SPKEN120GNTNYTIC,,4/25/2016,4/25/2016,1,Short Form,Call Center Internal
Bowflex Max Trainer,CAM47150 DOSG2ESL9,4/25/2016,4/25/2016,4/25/2016,1,Online Search,Web
Bowflex Max Trainer,CAM47150 DOSG2ESL9,4/30/2016,4/25/2016,4/25/2016,1,Online Search,Web
Bowflex Max Trainer,CAM47150 DOSG2ESL9,,4/25/2016,4/25/2016,5,Online Search,Web
Treadclimber,CAM47150 DOSG2ESL9,,4/25/2016,4/25/2016,1,Online Search,Web
Bowflex Max Trainer,CAM47151 DOSG2EML2,4/25/2016,4/25/2016,4/25/2016,1,Online Search,Web
Bowflex Max Trainer,CAM47151 DOSG2EML2,,4/25/2016,4/25/2016,7,Online Search,Web
Bowflex Max Trainer,CAM47152 DOSBIESL8,4/25/2016,4/25/2016,4/25/2016,2,Online Search,Web
Bowflex Max Trainer,CAM47152 DOSBIESL8,,4/25/2016,4/25/2016,3,Online Search,Web
Bowflex Max Trainer,CAM47153 DOSBIEML2,,4/25/2016,4/25/2016,3,Online Search,Web
Treadclimber,CAM47171 DOXFBTGL1,,4/25/2016,4/25/2016,1,Online Social,Web
Bowflex Max Trainer,CAM47172 DOXFBEGL1,,4/25/2016,4/25/2016,1,Online Social,Web
Bowflex Max Trainer,CAM47189 AMC*L60*HAMF*TIC,4/25/2016,4/25/2016,4/25/2016,1,Short Form,Call Center Internal
Bowflex Max Trainer,CAM47194 PALLN120HAMBYTIC,,4/25/2016,4/25/2016,1,Short Form,Call Center Internal
Bowflex Max Trainer,CAM47251 DODCTOEDL2,4/25/2016,4/25/2016,4/25/2016,6,Online Display,Web
Bowflex Max Trainer,CAM47251 DODCTOEDL2,,4/25/2016,4/25/2016,5,Online Display,Web
Treadclimber,CAM47254 DODCTOTDL1,4/25/2016,4/25/2016,4/25/2016,3,Online Display,Web
Treadclimber,CAM47254 DODCTOTDL1,,4/25/2016,4/25/2016,2,Online Display,Web
Treadclimber,CAM47698 FOXNN120TCDADTIC,,4/25/2016,4/25/2016,1,Short Form,Call Center Internal
Bowflex Catalog,CAM47779 DCBHOMESUMOFFR15,4/25/2016,4/25/2016,4/25/2016,1,Catalog,Web
Bowflex Catalog,CAM48037 DCBHOMEFALOFFR15,4/25/2016,4/25/2016,4/25/2016,3,Catalog,Web
Bowflex Catalog,CAM48037 DCBHOMEFALOFFR15,,4/25/2016,4/25/2016,1,Catalog,Web
Bowflex Home Gyms,CAM48037 DCBHOMEFALOFFR15,,4/25/2016,4/25/2016,1,Catalog,Web
Treadclimber,CAM48184 DOXFBTSCODE001,4/25/2016,4/25/2016,4/25/2016,1,Online Social,Web
Treadclimber,CAM48185 DOXFBTSCODE002,4/25/2016,4/25/2016,4/25/2016,1,Online Social,Web
Treadclimber,CAM48185 DOXFBTSCODE002,5/8/2016,4/25/2016,4/25/2016,1,Online Social,Web
Treadclimber,CAM48185 DOXFBTSCODE002,,4/25/2016,4/25/2016,3,Online Social,Web
Treadclimber,CAM48186 DOXFBTSCODE003,4/25/2016,4/25/2016,4/25/2016,4,Online Social,Web
Treadclimber,CAM48186 DOXFBTSCODE003,,4/25/2016,4/25/2016,1,Online Social,Web
Treadclimber,CAM48188 DOXFBTSCODE005,4/25/2016,4/25/2016,4/25/2016,4,Online Social,Web
Bowflex Max Trainer,CAM48200 SAWDOXFBESCODE,,4/25/2016,4/25/2016,1,Online Social,Call Center Internal
Bowflex Max Trainer,CAM48202 DOXFBESCODE002,,4/25/2016,4/25/2016,17,Online Social,Web
Bowflex Max Trainer,CAM48203 DOXFBESCODE003,4/25/2016,4/25/2016,4/25/2016,5,Online Social,Web
Bowflex Max Trainer,CAM48203 DOXFBESCODE003,,4/25/2016,4/25/2016,4,Online Social,Web
Bowflex Max Trainer,CAM48205 DOXFBESCODE005,4/25/2016,4/25/2016,4/25/2016,4,Online Social,Web
Bowflex Max Trainer,CAM48205 DOXFBESCODE005,,4/25/2016,4/25/2016,3,Online Social,Web
Bowflex Selecttech Dumbbells,CAM48206 SAWDOXFBDSCODE,,4/25/2016,4/25/2016,1,Online Social,Call Center Internal
Treadclimber,CAM48206 SAWDOXFBDSCODE,,4/25/2016,4/25/2016,1,Online Social,Call Center Internal
Bowflex Home Gyms,CAM48208 DOXFBDSCODE002,,4/25/2016,4/25/2016,1,Online Social,Web
Bowflex Selecttech Dumbbells,CAM48208 DOXFBDSCODE002,,4/25/2016,4/25/2016,7,Online Social,Web
Bowflex Selecttech Dumbbells,CAM48209 DOXFBDSCODE003,4/25/2016,4/25/2016,4/25/2016,3,Online Social,Web
Bowflex Selecttech Dumbbells,CAM48209 DOXFBDSCODE003,,4/25/2016,4/25/2016,1,Online Social,Web
Bowflex Home Gyms,CAM48214 DOXFBGSCODE002,,4/25/2016,4/25/2016,1,Online Social,Web
Bowflex Home Gyms,CAM48217 DOXFBGSCODE005,,4/25/2016,4/25/2016,2,Online Social,Web
Treadclimber,CAM48290 BABYN120TCMOMTIC,4/25/2016,4/25/2016,4/25/2016,1,Short Form,Third Party Call Center - Evolve
Treadclimber,CAM48471 DOSBITSL20,,4/25/2016,4/25/2016,1,Online Search,Web
Treadclimber,CAM48496 HMM*N120HKINGTIC,4/25/2016,4/25/2016,4/25/2016,4,Short Form,Call Center Internal
Treadclimber,CAM48497 ION*N120HKINGTIC,4/25/2016,4/25/2016,4/25/2016,10,Short Form,Call Center Internal
Treadclimber,CAM48497 ION*N120HKINGTIC,4/25/2016,4/25/2016,4/25/2016,3,Short Form,Third Party Call Center - Evolve
Treadclimber,CAM48497 ION*N120HKINGTIC,,4/25/2016,4/25/2016,1,Short Form,Third Party Call Center - Evolve
Treadclimber,CAM48498 INSPN120HKINGTIC,4/25/2016,4/25/2016,4/25/2016,2,Short Form,Call Center Internal
Treadclimber,CAM48498 INSPN120HKINGTIC,,4/25/2016,4/25/2016,2,Short Form,Call Center Internal
Treadclimber,CAM48499 SPKEN120HKINGTIC,4/25/2016,4/25/2016,4/25/2016,1,Short Form,Call Center Internal
Treadclimber,CAM48514 DISEN60*HKINGTIC,4/25/2016,4/25/2016,4/25/2016,1,Short Form,Call Center Internal
Treadclimber,CAM48517 LMN*N60*HKINGTIC,4/25/2016,4/25/2016,4/25/2016,4,Short Form,Call Center Internal
Treadclimber,CAM48517 LMN*N60*HKINGTIC,,4/25/2016,4/25/2016,1,Short Form,Call Center Internal
Treadclimber,CAM48518 INSPN180HKINGTIC,4/25/2016,4/25/2016,4/25/2016,4,Short Form,Call Center Internal
Treadclimber,CAM48518 INSPN180HKINGTIC,,4/25/2016,4/25/2016,3,Short Form,Call Center Internal
Treadclimber,CAM48518 INSPN180HKINGTIC,4/25/2016,4/25/2016,4/25/2016,4,Short Form,Third Party Call Center - Evolve
Treadclimber,CAM48518 INSPN180HKINGTIC,4/25/2016,4/25/2016,4/25/2016,5,Short Form,Third Party Call Center - West
Treadclimber,CAM48520 DLFEN180HKINGTIC,4/25/2016,4/25/2016,4/25/2016,1,Short Form,Call Center Internal
Treadclimber,CAM48526 P0116WEWATBOOKC,4/25/2016,4/25/2016,4/25/2016,1,Print,Call Center Internal
Treadclimber,CAM48658 GAMEN60*HKINGTIC,,4/25/2016,4/25/2016,1,Short Form,Call Center Internal
Bowflex Max Trainer,CAM48745 SUNDN120J14FSTIC,4/25/2016,4/25/2016,4/25/2016,10,Short Form,Call Center Internal
Bowflex Max Trainer,CAM48745 SUNDN120J14FSTIC,4/25/2016,4/25/2016,4/25/2016,1,Short Form,Third Party Call Center - Evolve
Bowflex Max Trainer,CAM48746 VEL*N120J14FSTIC,4/25/2016,4/25/2016,4/25/2016,2,Short Form,Call Center Internal
Bowflex Max Trainer,CAM48748 SPKEN120J14FSTIC,4/25/2016,4/25/2016,4/25/2016,3,Short Form,Call Center Internal
Bowflex Max Trainer,CAM48750 IFC*N120J14FSTIC,4/25/2016,4/25/2016,4/25/2016,3,Short Form,Call Center Internal
Bowflex Max Trainer,CAM48750 IFC*N120J14FSTIC,5/3/2016,4/25/2016,4/25/2016,1,Short Form,Call Center Internal
Bowflex Max Trainer,CAM48750 IFC*N120J14FSTIC,,4/25/2016,4/25/2016,1,Short Form,Call Center Internal
Bowflex Max Trainer,CAM48751 ION*N120J14FSTIC,4/25/2016,4/25/2016,4/25/2016,2,Short Form,Call Center Internal
Bowflex Max Trainer,CAM48751 ION*N120J14FSTIC,4/25/2016,4/25/2016,4/25/2016,1,Short Form,Third Party Call Center - Evolve
Bowflex Max Trainer,CAM48753 RELZN120J14FSTIC,4/25/2016,4/25/2016,4/25/2016,2,Short Form,Call Center Internal
Bowflex Max Trainer,CAM48753 RELZN120J14FSTIC,,4/25/2016,4/25/2016,1,Short Form,Call Center Internal
Bowflex Max Trainer,CAM48753 RELZN120J14FSTIC,4/25/2016,4/25/2016,4/25/2016,1,Short Form,Third Party Call Center - Evolve
Bowflex Max Trainer,CAM48754 JUSTN120J14FSTIC,4/25/2016,4/25/2016,4/25/2016,1,Short Form,Call Center Internal
Bowflex Max Trainer,CAM48760 ODORN120J14FSTIC,4/25/2016,4/25/2016,4/25/2016,3,Short Form,Third Party Call Center - Evolve
Bowflex Max Trainer,CAM48761 EREYN120J14FSTIC,4/25/2016,4/25/2016,4/25/2016,4,Short Form,Call Center Internal
Bowflex Max Trainer,CAM48775 SUNDN180JACFSTIC,4/25/2016,4/25/2016,4/25/2016,2,Short Form,Call Center Internal
Bowflex Max Trainer,CAM48777 VH1CN180JACFSTIC,4/25/2016,4/25/2016,4/25/2016,1,Short Form,Call Center Internal
Bowflex Max Trainer,CAM48780 DISNN60*J14FSTIC,4/25/2016,4/25/2016,4/25/2016,1,Short Form,Call Center Internal
Treadclimber,CAM48780 DISNN60*J14FSTIC,,4/25/2016,4/25/2016,1,Short Form,Call Center Internal
Bowflex Max Trainer,CAM48793 HERON5MNHAMFSTIC,4/25/2016,4/25/2016,4/25/2016,4,Short Form,Call Center Internal
Bowflex Max Trainer,CAM48793 HERON5MNHAMFSTIC,,4/25/2016,4/25/2016,1,Short Form,Call Center Internal
Bowflex Max Trainer,CAM48793 HERON5MNHAMFSTIC,4/25/2016,4/25/2016,4/25/2016,2,Short Form,Third Party Call Center - Evolve
Bowflex Max Trainer,CAM48796 DESTN5MNHAMFSTIC,4/25/2016,4/25/2016,4/25/2016,1,Short Form,Third Party Call Center - Evolve
Treadclimber,CAM48811 MOVSN120HKINGTIC,4/25/2016,4/25/2016,4/25/2016,2,Short Form,Call Center Internal
Bowflex Max Trainer,CAM48876 DSEESF15A,4/25/2016,4/25/2016,4/25/2016,21,Electronic - Short Form,Web
Bowflex Max Trainer,CAM48876 DSEESF15A,5/1/2016,4/25/2016,4/25/2016,1,Electronic - Short Form,Web
Bowflex Max Trainer,CAM48876 DSEESF15A,,4/25/2016,4/25/2016,4,Electronic - Short Form,Web
Bowflex Catalog,CAM48920 DCBHOMEWIN16,4/25/2016,4/25/2016,4/25/2016,2,Catalog,Web
Bowflex Catalog,CAM48920 DCBHOMEWIN16,,4/25/2016,4/25/2016,1,Catalog,Web
Bowflex Max Trainer,CAM48920 DCBHOMEWIN16,,4/25/2016,4/25/2016,1,Catalog,Web
Treadclimber,CAM48928 DODSTLTDL8,4/25/2016,4/25/2016,4/25/2016,1,Online Display,Web
Treadclimber,CAM48928 DODSTLTDL8,,4/25/2016,4/25/2016,1,Online Display,Web
Treadclimber,CAM48973 DOFG2TFEED2,,4/25/2016,4/25/2016,1,Online Shopping,Web
Bowflex Max Trainer,CAM48975 DOFG2EFEED2,4/25/2016,4/25/2016,4/25/2016,1,Online Shopping,Web
Bowflex Max Trainer,CAM48975 DOFG2EFEED2,,4/25/2016,4/25/2016,10,Online Shopping,Web
Bowflex Home Gyms,CAM48977 DOFG2GFEED2,,4/25/2016,4/25/2016,1,Online Shopping,Web
Bowflex Catalog,CAM48980 DOFG2CFEED3,4/25/2016,4/25/2016,4/25/2016,1,Online Shopping,Web
Bowflex Catalog,CAM48980 DOFG2CFEED3,,4/25/2016,4/25/2016,1,Online Shopping,Web
Bowflex Max Trainer,CAM48984 DOSG2ESL11,,4/25/2016,4/25/2016,1,Online Search,Web
Treadclimber,CAM48984 DOSG2ESL11,,4/25/2016,4/25/2016,1,Online Search,Web
Bowflex Max Trainer,CAM49093 DOXFBESCODE009,,4/25/2016,4/25/2016,2,Online Social,Web
Treadclimber,CAM49093 DOXFBESCODE009,,4/25/2016,4/25/2016,1,Online Social,Web
Bowflex Max Trainer,CAM49142 MX26P60*J14FSTIC,4/25/2016,4/25/2016,4/25/2016,1,Short Form,Third Party Call Center - West
Bowflex Max Trainer,CAM49149 MX33P60*J14FSTIC,4/25/2016,4/25/2016,4/25/2016,1,Short Form,Third Party Call Center - West
Treadclimber,CAM49206 P05161STWMNLACY,4/25/2016,4/25/2016,4/25/2016,2,Print,Call Center Internal
Bowflex Max Trainer,CAM49221 PURSN120J14FSTIC,4/25/2016,4/25/2016,4/25/2016,1,Short Form,Call Center Internal
Bowflex Max Trainer,CAM49224 LAFFN5MNHAMFSTIC,4/25/2016,4/25/2016,4/25/2016,1,Short Form,Third Party Call Center - Evolve
Treadclimber,CAM49226 HMM*N120WMN16TIC,4/25/2016,4/25/2016,4/25/2016,2,Short Form,Call Center Internal
Treadclimber,CAM49226 HMM*N120WMN16TIC,4/25/2016,4/25/2016,4/25/2016,1,Short Form,Third Party Call Center - Evolve
Treadclimber,CAM49227 ION*N120BOO16TIC,4/25/2016,4/25/2016,4/25/2016,5,Short Form,Call Center Internal
Treadclimber,CAM49228 INSPN120BOO16TIC,4/25/2016,4/25/2016,4/25/2016,1,Short Form,Call Center Internal
Treadclimber,CAM49228 INSPN120BOO16TIC,4/25/2016,4/25/2016,4/25/2016,2,Short Form,Third Party Call Center - Evolve
Treadclimber,CAM49228 INSPN120BOO16TIC,4/25/2016,4/25/2016,4/25/2016,2,Short Form,Third Party Call Center - West
Treadclimber,CAM49229 METVN120BOO16TIC,4/25/2016,4/25/2016,4/25/2016,6,Short Form,Call Center Internal
Treadclimber,CAM49229 METVN120BOO16TIC,,4/25/2016,4/25/2016,2,Short Form,Call Center Internal
Treadclimber,CAM49230 BRNGN120WMN16TIC,4/25/2016,4/25/2016,4/25/2016,1,Short Form,Call Center Internal
Treadclimber,CAM49232 DCADN120BOO16TIC,,4/25/2016,4/25/2016,1,Short Form,Call Center Internal
Bowflex Max Trainer,CAM49238 P0416ENTWKLYALEX,4/25/2016,4/25/2016,4/25/2016,1,Print,Call Center Internal
Bowflex Max Trainer,CAM49246 DODSTLEDL1,,4/25/2016,4/25/2016,3,Online Display,Web
Treadclimber,CAM49252 P0516WMNWRLDCSYFW,4/25/2016,4/25/2016,4/25/2016,1,Print,Call Center Internal
Treadclimber,CAM49292 DSETSF16A,4/25/2016,4/25/2016,4/25/2016,32,Electronic - Short Form,Web
Treadclimber,CAM49292 DSETSF16A,,4/25/2016,4/25/2016,2,Electronic - Short Form,Web
Treadclimber,CAM49293 DSETSF16B,4/25/2016,4/25/2016,4/25/2016,8,Electronic - Short Form,Web
Bowflex Max Trainer,CAM49295 DSEESF16A,4/25/2016,4/25/2016,4/25/2016,8,Electronic - Short Form,Web
Bowflex Max Trainer,CAM49295 DSEESF16A,,4/25/2016,4/25/2016,1,Electronic - Short Form,Web
Bowflex Max Trainer,CAM49296 DSEESF16B,4/25/2016,4/25/2016,4/25/2016,3,Electronic - Short Form,Web
Bowflex Max Trainer,CAM49298 DTVAN60*J14FSTIC,4/25/2016,4/25/2016,4/25/2016,2,Short Form,Call Center Internal
Bowflex Max Trainer,CAM49355 DISMN60*HAM7*TIC,,4/25/2016,4/25/2016,1,Short Form,Call Center Internal
Bowflex Home Gyms,CAM6025 SAWWEBTC,,4/25/2016,4/25/2016,2,Electronic - UnSourced,Call Center Internal
Bowflex Selecttech Dumbbells,CAM6025 SAWWEBTC,,4/25/2016,4/25/2016,1,Electronic - UnSourced,Call Center Internal
Treadclimber,CAM6025 SAWWEBTC,4/25/2016,4/25/2016,4/25/2016,1,Electronic - UnSourced,Call Center Internal
Treadclimber,CAM6025 SAWWEBTC,,4/25/2016,4/25/2016,4,Electronic - UnSourced,Call Center Internal
Treadclimber,CAM6110 SAWGOOGTC,,4/25/2016,4/25/2016,2,Online,Call Center Internal
Treadclimber,CAM6110 SAWGOOGTC,4/25/2016,4/25/2016,4/25/2016,1,Online,Third Party Call Center - Evolve
Bowflex Max Trainer,CAM10045 SAWYAHSPTC,,4/26/2016,4/25/2016,1,Online,Call Center Internal
Treadclimber,CAM10045 SAWYAHSPTC,,4/26/2016,4/25/2016,1,Online,Call Center Internal
Bowflex Catalog,CAM127 1800BOWFLEX_BFC,4/26/2016,4/26/2016,4/25/2016,3,Electronic - UnSourced,Call Center Internal
Bowflex Catalog,CAM127 1800BOWFLEX_BFC,,4/26/2016,4/25/2016,2,Electronic - UnSourced,Call Center Internal
Treadclimber,CAM127 1800BOWFLEX_BFC,,4/26/2016,4/25/2016,1,Electronic - UnSourced,Call Center Internal
Treadclimber,CAM133 1800BOWFLEX_TRC,4/26/2016,4/26/2016,4/25/2016,1,Electronic - UnSourced,Call Center Internal
Treadclimber,CAM16414 DEGBFTRC,4/26/2016,4/26/2016,4/25/2016,15,Electronic - UnSourced,Web
Treadclimber,CAM16414 DEGBFTRC,,4/26/2016,4/25/2016,16,Electronic - UnSourced,Web
Treadclimber,CAM16426 DSETDIR,4/26/2016,4/26/2016,4/25/2016,3,Electronic - Short Form,Web
Bowflex Home Gyms,CAM16616 DEGBFBHG,,4/26/2016,4/25/2016,2,Electronic - UnSourced,Web
Bowflex Catalog,CAM23584 degcfootlinkbf,4/26/2016,4/26/2016,4/25/2016,4,Electronic - UnSourced,Web
Bowflex Catalog,CAM23587 degcfootlinktc,4/26/2016,4/26/2016,4/25/2016,5,Electronic - UnSourced,Web
Bowflex Home Gyms,CAM23877 degd1sitest,,4/26/2016,4/25/2016,1,Electronic - UnSourced,Web
Bowflex Selecttech Dumbbells,CAM23877 degd1sitest,,4/26/2016,4/25/2016,16,Electronic - UnSourced,Web
