Bowflex Selecttech Dumbbells,CAM23877 degd1sitest,1/26/2016,1/26/2016,1/25/2016,1,Electronic - UnSourced,Web
Bowflex Selecttech Dumbbells,CAM23877 degd1sitest,,1/26/2016,1/25/2016,13,Electronic - UnSourced,Web
Bowflex Selecttech Dumbbells,CAM23877 degd1sitest,1/27/2016,1/27/2016,1/25/2016,1,Electronic - UnSourced,Web
Bowflex Home Gyms,CAM23877 degd1sitest,,1/27/2016,1/25/2016,1,Electronic - UnSourced,Web
Bowflex Selecttech Dumbbells,CAM23877 degd1sitest,,1/27/2016,1/25/2016,11,Electronic - UnSourced,Web
Bowflex Selecttech Dumbbells,CAM23877 degd1sitest,,1/28/2016,1/25/2016,9,Electronic - UnSourced,Web
Bowflex Selecttech Dumbbells,CAM23877 degd1sitest,,1/29/2016,1/25/2016,9,Electronic - UnSourced,Web
Bowflex Selecttech Dumbbells,CAM23877 degd1sitest,1/30/2016,1/30/2016,1/25/2016,2,Electronic - UnSourced,Web
Bowflex Body,CAM23877 degd1sitest,,1/30/2016,1/25/2016,1,Electronic - UnSourced,Web
Bowflex Selecttech Dumbbells,CAM23877 degd1sitest,,1/30/2016,1/25/2016,7,Electronic - UnSourced,Web
Bowflex Home Gyms,CAM23877 degd1sitest,,1/31/2016,1/25/2016,1,Electronic - UnSourced,Web
Bowflex Selecttech Dumbbells,CAM23877 degd1sitest,,1/31/2016,1/25/2016,9,Electronic - UnSourced,Web
Treadclimber,CAM23879 degt1sitetc,1/25/2016,1/25/2016,1/25/2016,12,Electronic - UnSourced,Web
Treadclimber,CAM23879 degt1sitetc,,1/25/2016,1/25/2016,27,Electronic - UnSourced,Web
Treadclimber,CAM23879 degt1sitetc,1/26/2016,1/26/2016,1/25/2016,7,Electronic - UnSourced,Web
Bowflex Catalog,CAM23879 degt1sitetc,,1/26/2016,1/25/2016,1,Electronic - UnSourced,Web
Treadclimber,CAM23879 degt1sitetc,,1/26/2016,1/25/2016,18,Electronic - UnSourced,Web
Treadclimber,CAM23879 degt1sitetc,1/27/2016,1/27/2016,1/25/2016,3,Electronic - UnSourced,Web
Treadclimber,CAM23879 degt1sitetc,,1/27/2016,1/25/2016,15,Electronic - UnSourced,Web
Treadclimber,CAM23879 degt1sitetc,1/28/2016,1/28/2016,1/25/2016,13,Electronic - UnSourced,Web
Treadclimber,CAM23879 degt1sitetc,,1/28/2016,1/25/2016,10,Electronic - UnSourced,Web
Treadclimber,CAM23879 degt1sitetc,1/29/2016,1/29/2016,1/25/2016,2,Electronic - UnSourced,Web
Treadclimber,CAM23879 degt1sitetc,,1/29/2016,1/25/2016,13,Electronic - UnSourced,Web
Treadclimber,CAM23879 degt1sitetc,1/30/2016,1/30/2016,1/25/2016,8,Electronic - UnSourced,Web
Treadclimber,CAM23879 degt1sitetc,2/3/2016,1/30/2016,1/25/2016,1,Electronic - UnSourced,Web
Bowflex Body,CAM23879 degt1sitetc,,1/30/2016,1/25/2016,1,Electronic - UnSourced,Web
Bowflex Catalog,CAM23879 degt1sitetc,,1/30/2016,1/25/2016,1,Electronic - UnSourced,Web
Treadclimber,CAM23879 degt1sitetc,,1/30/2016,1/25/2016,15,Electronic - UnSourced,Web
Treadclimber,CAM23879 degt1sitetc,1/31/2016,1/31/2016,1/25/2016,10,Electronic - UnSourced,Web
Treadclimber,CAM23879 degt1sitetc,2/4/2016,1/31/2016,1/25/2016,1,Electronic - UnSourced,Web
Treadclimber,CAM23879 degt1sitetc,2/19/2016,1/31/2016,1/25/2016,1,Electronic - UnSourced,Web
Treadclimber,CAM23879 degt1sitetc,,1/31/2016,1/25/2016,27,Electronic - UnSourced,Web
Bowflex Home Gyms,CAM25756 DEGSAWBFG,,1/25/2016,1/25/2016,1,Electronic - UnSourced,Call Center Internal
Bowflex Home Gyms,CAM25756 DEGSAWBFG,,1/27/2016,1/25/2016,1,Electronic - UnSourced,Call Center Internal
Bowflex Home Gyms,CAM25756 DEGSAWBFG,1/30/2016,1/30/2016,1/25/2016,1,Electronic - UnSourced,Call Center Internal
Bowflex Home Gyms,CAM28771 degg1siteg,1/25/2016,1/25/2016,1/25/2016,7,Electronic - UnSourced,Web
Bowflex Home Gyms,CAM28771 degg1siteg,,1/25/2016,1/25/2016,9,Electronic - UnSourced,Web
Bowflex Revolution,CAM28771 degg1siteg,,1/25/2016,1/25/2016,3,Electronic - UnSourced,Web
Bowflex Home Gyms,CAM28771 degg1siteg,1/26/2016,1/26/2016,1/25/2016,7,Electronic - UnSourced,Web
Bowflex Home Gyms,CAM28771 degg1siteg,,1/26/2016,1/25/2016,3,Electronic - UnSourced,Web
Treadclimber,CAM28771 degg1siteg,,1/26/2016,1/25/2016,1,Electronic - UnSourced,Web
Bowflex Home Gyms,CAM28771 degg1siteg,1/27/2016,1/27/2016,1/25/2016,6,Electronic - UnSourced,Web
Bowflex Home Gyms,CAM28771 degg1siteg,,1/27/2016,1/25/2016,8,Electronic - UnSourced,Web
Bowflex Revolution,CAM28771 degg1siteg,,1/27/2016,1/25/2016,2,Electronic - UnSourced,Web
Treadclimber,CAM28771 degg1siteg,,1/27/2016,1/25/2016,1,Electronic - UnSourced,Web
Bowflex Home Gyms,CAM28771 degg1siteg,1/28/2016,1/28/2016,1/25/2016,5,Electronic - UnSourced,Web
Bowflex Home Gyms,CAM28771 degg1siteg,,1/28/2016,1/25/2016,8,Electronic - UnSourced,Web
Bowflex Revolution,CAM28771 degg1siteg,,1/28/2016,1/25/2016,1,Electronic - UnSourced,Web
Bowflex Home Gyms,CAM28771 degg1siteg,1/29/2016,1/29/2016,1/25/2016,4,Electronic - UnSourced,Web
Bowflex Body,CAM28771 degg1siteg,,1/29/2016,1/25/2016,1,Electronic - UnSourced,Web
Bowflex Home Gyms,CAM28771 degg1siteg,,1/29/2016,1/25/2016,8,Electronic - UnSourced,Web
Bowflex Revolution,CAM28771 degg1siteg,,1/29/2016,1/25/2016,1,Electronic - UnSourced,Web
Treadclimber,CAM28771 degg1siteg,,1/29/2016,1/25/2016,1,Electronic - UnSourced,Web
Bowflex Home Gyms,CAM28771 degg1siteg,1/30/2016,1/30/2016,1/25/2016,2,Electronic - UnSourced,Web
Bowflex Home Gyms,CAM28771 degg1siteg,,1/30/2016,1/25/2016,6,Electronic - UnSourced,Web
Bowflex Home Gyms,CAM28771 degg1siteg,1/31/2016,1/31/2016,1/25/2016,7,Electronic - UnSourced,Web
Bowflex Home Gyms,CAM28771 degg1siteg,,1/31/2016,1/25/2016,9,Electronic - UnSourced,Web
Bowflex Revolution,CAM28771 degg1siteg,,1/31/2016,1/25/2016,2,Electronic - UnSourced,Web
Bowflex Selecttech Dumbbells,CAM28771 degg1siteg,,1/31/2016,1/25/2016,1,Electronic - UnSourced,Web
Bowflex Home Gyms,CAM28777 deggrevurl,,1/29/2016,1/25/2016,1,Electronic - UnSourced,Web
Bowflex Home Gyms,CAM29504 icawbowflexus,,1/25/2016,1/25/2016,1,Electronic - UnSourced,Web
Bowflex Home Gyms,CAM32136 deggbhg,1/25/2016,1/25/2016,1/25/2016,4,Electronic - UnSourced,Web
Bowflex Home Gyms,CAM32136 deggbhg,,1/25/2016,1/25/2016,6,Electronic - UnSourced,Web
Bowflex Revolution,CAM32136 deggbhg,,1/25/2016,1/25/2016,1,Electronic - UnSourced,Web
Bowflex Home Gyms,CAM32136 deggbhg,1/26/2016,1/26/2016,1/25/2016,7,Electronic - UnSourced,Web
Bowflex Home Gyms,CAM32136 deggbhg,,1/26/2016,1/25/2016,1,Electronic - UnSourced,Web
Bowflex Home Gyms,CAM32136 deggbhg,1/27/2016,1/27/2016,1/25/2016,2,Electronic - UnSourced,Web
Bowflex Home Gyms,CAM32136 deggbhg,,1/27/2016,1/25/2016,7,Electronic - UnSourced,Web
Bowflex Revolution,CAM32136 deggbhg,,1/27/2016,1/25/2016,1,Electronic - UnSourced,Web
Bowflex Home Gyms,CAM32136 deggbhg,1/28/2016,1/28/2016,1/25/2016,4,Electronic - UnSourced,Web
Bowflex Home Gyms,CAM32136 deggbhg,,1/28/2016,1/25/2016,6,Electronic - UnSourced,Web
Bowflex Revolution,CAM32136 deggbhg,,1/28/2016,1/25/2016,2,Electronic - UnSourced,Web
Bowflex Home Gyms,CAM32136 deggbhg,1/29/2016,1/29/2016,1/25/2016,1,Electronic - UnSourced,Web
Bowflex Home Gyms,CAM32136 deggbhg,,1/29/2016,1/25/2016,9,Electronic - UnSourced,Web
Bowflex Revolution,CAM32136 deggbhg,,1/29/2016,1/25/2016,3,Electronic - UnSourced,Web
Bowflex Home Gyms,CAM32136 deggbhg,1/30/2016,1/30/2016,1/25/2016,4,Electronic - UnSourced,Web
Bowflex Home Gyms,CAM32136 deggbhg,,1/30/2016,1/25/2016,7,Electronic - UnSourced,Web
Bowflex Selecttech Dumbbells,CAM32136 deggbhg,,1/30/2016,1/25/2016,1,Electronic - UnSourced,Web
Bowflex Home Gyms,CAM32136 deggbhg,1/31/2016,1/31/2016,1/25/2016,1,Electronic - UnSourced,Web
Bowflex Home Gyms,CAM32136 deggbhg,,1/31/2016,1/25/2016,10,Electronic - UnSourced,Web
Bowflex Selecttech Dumbbells,CAM32136 deggbhg,,1/31/2016,1/25/2016,2,Electronic - UnSourced,Web
Bowflex Selecttech Dumbbells,CAM34888 degdbst,1/25/2016,1/25/2016,1/25/2016,1,Electronic - UnSourced,Web
Bowflex Selecttech Dumbbells,CAM34888 degdbst,,1/25/2016,1/25/2016,2,Electronic - UnSourced,Web
Bowflex Selecttech Dumbbells,CAM34888 degdbst,1/26/2016,1/26/2016,1/25/2016,2,Electronic - UnSourced,Web
Bowflex Selecttech Dumbbells,CAM34888 degdbst,,1/26/2016,1/25/2016,7,Electronic - UnSourced,Web
Bowflex Selecttech Dumbbells,CAM34888 degdbst,1/27/2016,1/27/2016,1/25/2016,3,Electronic - UnSourced,Web
Bowflex Selecttech Dumbbells,CAM34888 degdbst,,1/27/2016,1/25/2016,5,Electronic - UnSourced,Web
Bowflex Selecttech Dumbbells,CAM34888 degdbst,,1/28/2016,1/25/2016,2,Electronic - UnSourced,Web
Bowflex Selecttech Dumbbells,CAM34888 degdbst,1/29/2016,1/29/2016,1/25/2016,1,Electronic - UnSourced,Web
Bowflex Selecttech Dumbbells,CAM34888 degdbst,,1/29/2016,1/25/2016,6,Electronic - UnSourced,Web
Bowflex Selecttech Dumbbells,CAM34888 degdbst,1/30/2016,1/30/2016,1/25/2016,1,Electronic - UnSourced,Web
Bowflex Selecttech Dumbbells,CAM34888 degdbst,,1/30/2016,1/25/2016,3,Electronic - UnSourced,Web
Bowflex Selecttech Dumbbells,CAM34888 degdbst,1/31/2016,1/31/2016,1/25/2016,4,Electronic - UnSourced,Web
Bowflex Selecttech Dumbbells,CAM34888 degdbst,,1/31/2016,1/25/2016,7,Electronic - UnSourced,Web
Treadclimber,CAM41189 degemax,,1/27/2016,1/25/2016,1,Electronic - UnSourced,Call Center Internal
Bowflex Max Trainer,CAM41189 degemax,1/25/2016,1/25/2016,1/25/2016,55,Electronic - UnSourced,Web
Bowflex Max Trainer,CAM41189 degemax,1/26/2016,1/25/2016,1/25/2016,4,Electronic - UnSourced,Web
Bowflex Max Trainer,CAM41189 degemax,1/28/2016,1/25/2016,1/25/2016,1,Electronic - UnSourced,Web
Bowflex Max Trainer,CAM41189 degemax,1/31/2016,1/25/2016,1/25/2016,1,Electronic - UnSourced,Web
Bowflex Catalog,CAM41189 degemax,,1/25/2016,1/25/2016,1,Electronic - UnSourced,Web
Bowflex Max Trainer,CAM41189 degemax,,1/25/2016,1/25/2016,71,Electronic - UnSourced,Web
Treadclimber,CAM41189 degemax,,1/25/2016,1/25/2016,5,Electronic - UnSourced,Web
Bowflex Max Trainer,CAM41189 degemax,1/26/2016,1/26/2016,1/25/2016,42,Electronic - UnSourced,Web
Bowflex Max Trainer,CAM41189 degemax,1/27/2016,1/26/2016,1/25/2016,2,Electronic - UnSourced,Web
Bowflex Max Trainer,CAM41189 degemax,,1/26/2016,1/25/2016,65,Electronic - UnSourced,Web
Treadclimber,CAM41189 degemax,,1/26/2016,1/25/2016,7,Electronic - UnSourced,Web
Bowflex Max Trainer,CAM41189 degemax,1/27/2016,1/27/2016,1/25/2016,61,Electronic - UnSourced,Web
Bowflex Max Trainer,CAM41189 degemax,2/20/2016,1/27/2016,1/25/2016,1,Electronic - UnSourced,Web
Bowflex Max Trainer,CAM41189 degemax,,1/27/2016,1/25/2016,79,Electronic - UnSourced,Web
Treadclimber,CAM41189 degemax,,1/27/2016,1/25/2016,5,Electronic - UnSourced,Web
Bowflex Max Trainer,CAM41189 degemax,1/28/2016,1/28/2016,1/25/2016,53,Electronic - UnSourced,Web
Bowflex Max Trainer,CAM41189 degemax,1/29/2016,1/28/2016,1/25/2016,1,Electronic - UnSourced,Web
Bowflex Body,CAM41189 degemax,,1/28/2016,1/25/2016,1,Electronic - UnSourced,Web
Bowflex Catalog,CAM41189 degemax,,1/28/2016,1/25/2016,1,Electronic - UnSourced,Web
Bowflex Max Trainer,CAM41189 degemax,,1/28/2016,1/25/2016,65,Electronic - UnSourced,Web
Treadclimber,CAM41189 degemax,,1/28/2016,1/25/2016,5,Electronic - UnSourced,Web
Bowflex Max Trainer,CAM41189 degemax,1/29/2016,1/29/2016,1/25/2016,65,Electronic - UnSourced,Web
Bowflex Max Trainer,CAM41189 degemax,2/14/2016,1/29/2016,1/25/2016,1,Electronic - UnSourced,Web
Bowflex Catalog,CAM41189 degemax,,1/29/2016,1/25/2016,1,Electronic - UnSourced,Web
Bowflex Max Trainer,CAM41189 degemax,,1/29/2016,1/25/2016,76,Electronic - UnSourced,Web
Treadclimber,CAM41189 degemax,,1/29/2016,1/25/2016,7,Electronic - UnSourced,Web
Bowflex Max Trainer,CAM41189 degemax,1/30/2016,1/30/2016,1/25/2016,66,Electronic - UnSourced,Web
Bowflex Max Trainer,CAM41189 degemax,2/1/2016,1/30/2016,1/25/2016,1,Electronic - UnSourced,Web
Bowflex Max Trainer,CAM41189 degemax,2/2/2016,1/30/2016,1/25/2016,1,Electronic - UnSourced,Web
Bowflex Max Trainer,CAM41189 degemax,2/18/2016,1/30/2016,1/25/2016,1,Electronic - UnSourced,Web
Bowflex Max Trainer,CAM41189 degemax,,1/30/2016,1/25/2016,77,Electronic - UnSourced,Web
Treadclimber,CAM41189 degemax,,1/30/2016,1/25/2016,11,Electronic - UnSourced,Web
Bowflex Max Trainer,CAM41189 degemax,1/31/2016,1/31/2016,1/25/2016,77,Electronic - UnSourced,Web
Bowflex Body,CAM41189 degemax,,1/31/2016,1/25/2016,1,Electronic - UnSourced,Web
Bowflex Catalog,CAM41189 degemax,,1/31/2016,1/25/2016,1,Electronic - UnSourced,Web
Bowflex Max Trainer,CAM41189 degemax,,1/31/2016,1/25/2016,109,Electronic - UnSourced,Web
Treadclimber,CAM41189 degemax,,1/31/2016,1/25/2016,12,Electronic - UnSourced,Web
Bowflex Max Trainer,CAM44236 SAWMAX,1/25/2016,1/25/2016,1/25/2016,2,Electronic - UnSourced,Call Center Internal
Bowflex Max Trainer,CAM44236 SAWMAX,,1/25/2016,1/25/2016,9,Electronic - UnSourced,Call Center Internal
Treadclimber,CAM44236 SAWMAX,,1/25/2016,1/25/2016,7,Electronic - UnSourced,Call Center Internal
Bowflex Max Trainer,CAM44236 SAWMAX,1/26/2016,1/26/2016,1/25/2016,3,Electronic - UnSourced,Call Center Internal
Bowflex Max Trainer,CAM44236 SAWMAX,,1/26/2016,1/25/2016,14,Electronic - UnSourced,Call Center Internal
Bowflex Selecttech Dumbbells,CAM44236 SAWMAX,,1/26/2016,1/25/2016,1,Electronic - UnSourced,Call Center Internal
Treadclimber,CAM44236 SAWMAX,,1/26/2016,1/25/2016,14,Electronic - UnSourced,Call Center Internal
Bowflex Max Trainer,CAM44236 SAWMAX,1/27/2016,1/27/2016,1/25/2016,3,Electronic - UnSourced,Call Center Internal
Treadclimber,CAM44236 SAWMAX,1/27/2016,1/27/2016,1/25/2016,1,Electronic - UnSourced,Call Center Internal
Bowflex Max Trainer,CAM44236 SAWMAX,,1/27/2016,1/25/2016,8,Electronic - UnSourced,Call Center Internal
Treadclimber,CAM44236 SAWMAX,,1/27/2016,1/25/2016,4,Electronic - UnSourced,Call Center Internal
Bowflex Max Trainer,CAM44236 SAWMAX,1/28/2016,1/28/2016,1/25/2016,1,Electronic - UnSourced,Call Center Internal
Bowflex Max Trainer,CAM44236 SAWMAX,,1/28/2016,1/25/2016,8,Electronic - UnSourced,Call Center Internal
Treadclimber,CAM44236 SAWMAX,,1/28/2016,1/25/2016,5,Electronic - UnSourced,Call Center Internal
Bowflex Max Trainer,CAM44236 SAWMAX,1/29/2016,1/29/2016,1/25/2016,4,Electronic - UnSourced,Call Center Internal
Bowflex Catalog,CAM44236 SAWMAX,,1/29/2016,1/25/2016,1,Electronic - UnSourced,Call Center Internal
Bowflex Max Trainer,CAM44236 SAWMAX,,1/29/2016,1/25/2016,6,Electronic - UnSourced,Call Center Internal
Treadclimber,CAM44236 SAWMAX,,1/29/2016,1/25/2016,2,Electronic - UnSourced,Call Center Internal
Bowflex Max Trainer,CAM44236 SAWMAX,1/30/2016,1/30/2016,1/25/2016,4,Electronic - UnSourced,Call Center Internal
Bowflex Max Trainer,CAM44236 SAWMAX,,1/30/2016,1/25/2016,3,Electronic - UnSourced,Call Center Internal
Treadclimber,CAM44236 SAWMAX,,1/30/2016,1/25/2016,1,Electronic - UnSourced,Call Center Internal
Bowflex Max Trainer,CAM44236 SAWMAX,1/31/2016,1/31/2016,1/25/2016,2,Electronic - UnSourced,Call Center Internal
Bowflex Max Trainer,CAM44236 SAWMAX,,1/31/2016,1/25/2016,4,Electronic - UnSourced,Call Center Internal
Treadclimber,CAM44236 SAWMAX,,1/31/2016,1/25/2016,3,Electronic - UnSourced,Call Center Internal
Bowflex Max Trainer,CAM44236 SAWMAX,,1/25/2016,1/25/2016,1,Electronic - UnSourced,Third Party Call Center - Evolve
Treadclimber,CAM44236 SAWMAX,,1/25/2016,1/25/2016,1,Electronic - UnSourced,Third Party Call Center - Evolve
Bowflex Max Trainer,CAM44236 SAWMAX,1/26/2016,1/26/2016,1/25/2016,2,Electronic - UnSourced,Third Party Call Center - Evolve
Bowflex Max Trainer,CAM44236 SAWMAX,,1/26/2016,1/25/2016,1,Electronic - UnSourced,Third Party Call Center - Evolve
Treadclimber,CAM44236 SAWMAX,,1/26/2016,1/25/2016,1,Electronic - UnSourced,Third Party Call Center - Evolve
Treadclimber,CAM44236 SAWMAX,,1/27/2016,1/25/2016,2,Electronic - UnSourced,Third Party Call Center - Evolve
Bowflex Max Trainer,CAM44236 SAWMAX,1/28/2016,1/28/2016,1/25/2016,2,Electronic - UnSourced,Third Party Call Center - Evolve
Bowflex Max Trainer,CAM44236 SAWMAX,1/29/2016,1/29/2016,1/25/2016,1,Electronic - UnSourced,Third Party Call Center - Evolve
Bowflex Body,CAM44236 SAWMAX,,1/30/2016,1/25/2016,1,Electronic - UnSourced,Third Party Call Center - Evolve
Bowflex Max Trainer,CAM44236 SAWMAX,,1/30/2016,1/25/2016,1,Electronic - UnSourced,Third Party Call Center - Evolve
Treadclimber,CAM44236 SAWMAX,,1/30/2016,1/25/2016,2,Electronic - UnSourced,Third Party Call Center - Evolve
Treadclimber,CAM44433 dege1sitemx,,1/26/2016,1/25/2016,1,Electronic - UnSourced,Call Center Internal
Treadclimber,CAM44433 dege1sitemx,,1/27/2016,1/25/2016,1,Electronic - UnSourced,Call Center Internal
Bowflex Max Trainer,CAM44433 dege1sitemx,1/25/2016,1/25/2016,1/25/2016,28,Electronic - UnSourced,Web
Bowflex Max Trainer,CAM44433 dege1sitemx,2/20/2016,1/25/2016,1/25/2016,1,Electronic - UnSourced,Web
Bowflex Max Trainer,CAM44433 dege1sitemx,,1/25/2016,1/25/2016,54,Electronic - UnSourced,Web
Treadclimber,CAM44433 dege1sitemx,,1/25/2016,1/25/2016,8,Electronic - UnSourced,Web
Bowflex Max Trainer,CAM44433 dege1sitemx,1/26/2016,1/26/2016,1/25/2016,24,Electronic - UnSourced,Web
Bowflex Max Trainer,CAM44433 dege1sitemx,1/27/2016,1/26/2016,1/25/2016,1,Electronic - UnSourced,Web
Bowflex Max Trainer,CAM44433 dege1sitemx,2/17/2016,1/26/2016,1/25/2016,1,Electronic - UnSourced,Web
Bowflex Max Trainer,CAM44433 dege1sitemx,,1/26/2016,1/25/2016,56,Electronic - UnSourced,Web
Treadclimber,CAM44433 dege1sitemx,,1/26/2016,1/25/2016,3,Electronic - UnSourced,Web
Bowflex Max Trainer,CAM44433 dege1sitemx,1/27/2016,1/27/2016,1/25/2016,19,Electronic - UnSourced,Web
Bowflex Body,CAM44433 dege1sitemx,,1/27/2016,1/25/2016,1,Electronic - UnSourced,Web
Bowflex Catalog,CAM44433 dege1sitemx,,1/27/2016,1/25/2016,1,Electronic - UnSourced,Web
Bowflex Max Trainer,CAM44433 dege1sitemx,,1/27/2016,1/25/2016,45,Electronic - UnSourced,Web
Treadclimber,CAM44433 dege1sitemx,,1/27/2016,1/25/2016,4,Electronic - UnSourced,Web
Bowflex Max Trainer,CAM44433 dege1sitemx,1/28/2016,1/28/2016,1/25/2016,12,Electronic - UnSourced,Web
Bowflex Body,CAM44433 dege1sitemx,,1/28/2016,1/25/2016,1,Electronic - UnSourced,Web
Bowflex Max Trainer,CAM44433 dege1sitemx,,1/28/2016,1/25/2016,50,Electronic - UnSourced,Web
Treadclimber,CAM44433 dege1sitemx,,1/28/2016,1/25/2016,8,Electronic - UnSourced,Web
Bowflex Max Trainer,CAM44433 dege1sitemx,1/29/2016,1/29/2016,1/25/2016,12,Electronic - UnSourced,Web
Bowflex Catalog,CAM44433 dege1sitemx,,1/29/2016,1/25/2016,1,Electronic - UnSourced,Web
Bowflex Max Trainer,CAM44433 dege1sitemx,,1/29/2016,1/25/2016,50,Electronic - UnSourced,Web
Treadclimber,CAM44433 dege1sitemx,,1/29/2016,1/25/2016,7,Electronic - UnSourced,Web
Bowflex Max Trainer,CAM44433 dege1sitemx,1/30/2016,1/30/2016,1/25/2016,13,Electronic - UnSourced,Web
Bowflex Max Trainer,CAM44433 dege1sitemx,2/11/2016,1/30/2016,1/25/2016,1,Electronic - UnSourced,Web
Bowflex Max Trainer,CAM44433 dege1sitemx,,1/30/2016,1/25/2016,77,Electronic - UnSourced,Web
Treadclimber,CAM44433 dege1sitemx,,1/30/2016,1/25/2016,6,Electronic - UnSourced,Web
Bowflex Max Trainer,CAM44433 dege1sitemx,1/31/2016,1/31/2016,1/25/2016,24,Electronic - UnSourced,Web
Bowflex Max Trainer,CAM44433 dege1sitemx,2/3/2016,1/31/2016,1/25/2016,1,Electronic - UnSourced,Web
Bowflex Max Trainer,CAM44433 dege1sitemx,2/4/2016,1/31/2016,1/25/2016,1,Electronic - UnSourced,Web
Bowflex Max Trainer,CAM44433 dege1sitemx,,1/31/2016,1/25/2016,70,Electronic - UnSourced,Web
Treadclimber,CAM44433 dege1sitemx,,1/31/2016,1/25/2016,5,Electronic - UnSourced,Web
Bowflex Max Trainer,CAM44626 1800BOWFLEX_BMT,,1/25/2016,1/25/2016,6,Electronic - UnSourced,Call Center Internal
Treadclimber,CAM44626 1800BOWFLEX_BMT,,1/25/2016,1/25/2016,8,Electronic - UnSourced,Call Center Internal
Bowflex Max Trainer,CAM44626 1800BOWFLEX_BMT,1/26/2016,1/26/2016,1/25/2016,2,Electronic - UnSourced,Call Center Internal
Bowflex Max Trainer,CAM44626 1800BOWFLEX_BMT,,1/26/2016,1/25/2016,8,Electronic - UnSourced,Call Center Internal
Treadclimber,CAM44626 1800BOWFLEX_BMT,,1/26/2016,1/25/2016,6,Electronic - UnSourced,Call Center Internal
Bowflex Max Trainer,CAM44626 1800BOWFLEX_BMT,1/27/2016,1/27/2016,1/25/2016,2,Electronic - UnSourced,Call Center Internal
Bowflex Max Trainer,CAM44626 1800BOWFLEX_BMT,,1/27/2016,1/25/2016,8,Electronic - UnSourced,Call Center Internal
Bowflex Selecttech Dumbbells,CAM44626 1800BOWFLEX_BMT,,1/27/2016,1/25/2016,1,Electronic - UnSourced,Call Center Internal
Treadclimber,CAM44626 1800BOWFLEX_BMT,,1/27/2016,1/25/2016,3,Electronic - UnSourced,Call Center Internal
Bowflex Max Trainer,CAM44626 1800BOWFLEX_BMT,1/28/2016,1/28/2016,1/25/2016,1,Electronic - UnSourced,Call Center Internal
Bowflex Max Trainer,CAM44626 1800BOWFLEX_BMT,,1/28/2016,1/25/2016,4,Electronic - UnSourced,Call Center Internal
Bowflex Selecttech Dumbbells,CAM44626 1800BOWFLEX_BMT,,1/28/2016,1/25/2016,1,Electronic - UnSourced,Call Center Internal
Treadclimber,CAM44626 1800BOWFLEX_BMT,,1/28/2016,1/25/2016,9,Electronic - UnSourced,Call Center Internal
Bowflex Max Trainer,CAM44626 1800BOWFLEX_BMT,1/29/2016,1/29/2016,1/25/2016,2,Electronic - UnSourced,Call Center Internal
Bowflex Max Trainer,CAM44626 1800BOWFLEX_BMT,,1/29/2016,1/25/2016,7,Electronic - UnSourced,Call Center Internal
Treadclimber,CAM44626 1800BOWFLEX_BMT,,1/29/2016,1/25/2016,7,Electronic - UnSourced,Call Center Internal
Bowflex Max Trainer,CAM44626 1800BOWFLEX_BMT,1/30/2016,1/30/2016,1/25/2016,1,Electronic - UnSourced,Call Center Internal
Bowflex Body,CAM44626 1800BOWFLEX_BMT,,1/30/2016,1/25/2016,1,Electronic - UnSourced,Call Center Internal
Bowflex Home Gyms,CAM44626 1800BOWFLEX_BMT,,1/30/2016,1/25/2016,1,Electronic - UnSourced,Call Center Internal
Bowflex Max Trainer,CAM44626 1800BOWFLEX_BMT,,1/30/2016,1/25/2016,6,Electronic - UnSourced,Call Center Internal
Treadclimber,CAM44626 1800BOWFLEX_BMT,,1/30/2016,1/25/2016,1,Electronic - UnSourced,Call Center Internal
Bowflex Max Trainer,CAM44626 1800BOWFLEX_BMT,1/31/2016,1/31/2016,1/25/2016,2,Electronic - UnSourced,Call Center Internal
Bowflex Max Trainer,CAM44626 1800BOWFLEX_BMT,,1/31/2016,1/25/2016,3,Electronic - UnSourced,Call Center Internal
Treadclimber,CAM44626 1800BOWFLEX_BMT,,1/31/2016,1/25/2016,2,Electronic - UnSourced,Call Center Internal
Treadclimber,CAM45118 SAWBMTDIGIK,,1/25/2016,1/25/2016,1,Electronic - UnSourced,Call Center Internal
Bowflex Max Trainer,CAM45699 SAWICAEEMAX,,1/25/2016,1/25/2016,1,Electronic - UnSourced,Call Center Internal
Treadclimber,CAM6025 SAWWEBTC,1/25/2016,1/25/2016,1/25/2016,3,Electronic - UnSourced,Call Center Internal
Treadclimber,CAM6025 SAWWEBTC,,1/25/2016,1/25/2016,1,Electronic - UnSourced,Call Center Internal
Treadclimber,CAM6025 SAWWEBTC,1/27/2016,1/27/2016,1/25/2016,1,Electronic - UnSourced,Call Center Internal
Bowflex Home Gyms,CAM6025 SAWWEBTC,,1/27/2016,1/25/2016,1,Electronic - UnSourced,Call Center Internal
Bowflex Revolution,CAM6025 SAWWEBTC,,1/27/2016,1/25/2016,1,Electronic - UnSourced,Call Center Internal
Treadclimber,CAM6025 SAWWEBTC,,1/27/2016,1/25/2016,2,Electronic - UnSourced,Call Center Internal
Treadclimber,CAM6025 SAWWEBTC,1/28/2016,1/28/2016,1/25/2016,1,Electronic - UnSourced,Call Center Internal
Treadclimber,CAM6025 SAWWEBTC,,1/28/2016,1/25/2016,2,Electronic - UnSourced,Call Center Internal
Treadclimber,CAM6025 SAWWEBTC,1/29/2016,1/29/2016,1/25/2016,1,Electronic - UnSourced,Call Center Internal
Bowflex Max Trainer,CAM6025 SAWWEBTC,,1/29/2016,1/25/2016,1,Electronic - UnSourced,Call Center Internal
Treadclimber,CAM6025 SAWWEBTC,,1/29/2016,1/25/2016,1,Electronic - UnSourced,Call Center Internal
Treadclimber,CAM6025 SAWWEBTC,1/30/2016,1/30/2016,1/25/2016,1,Electronic - UnSourced,Call Center Internal
Treadclimber,CAM6025 SAWWEBTC,,1/30/2016,1/25/2016,2,Electronic - UnSourced,Call Center Internal
Treadclimber,CAM6025 SAWWEBTC,,1/31/2016,1/25/2016,1,Electronic - UnSourced,Call Center Internal
Treadclimber,CAM6025 SAWWEBTC,,1/25/2016,1/25/2016,1,Electronic - UnSourced,Third Party Call Center - Evolve
Treadclimber,CAM6025 SAWWEBTC,1/30/2016,1/30/2016,1/25/2016,1,Electronic - UnSourced,Third Party Call Center - Evolve
Treadclimber,CAM10045 SAWYAHSPTC,,1/29/2016,1/25/2016,1,Online,Call Center Internal
Treadclimber,CAM12351 SAWFROOGTC,,1/25/2016,1/25/2016,1,Online,Call Center Internal
Treadclimber,CAM37292 SAWTRCMCOMM,1/26/2016,1/26/2016,1/25/2016,1,Online,Call Center Internal
Treadclimber,CAM6110 SAWGOOGTC,1/25/2016,1/25/2016,1/25/2016,1,Online,Call Center Internal
Treadclimber,CAM6110 SAWGOOGTC,,1/25/2016,1/25/2016,2,Online,Call Center Internal
Treadclimber,CAM6110 SAWGOOGTC,,1/27/2016,1/25/2016,1,Online,Call Center Internal
Treadclimber,CAM6110 SAWGOOGTC,1/28/2016,1/28/2016,1/25/2016,2,Online,Call Center Internal
Treadclimber,CAM6110 SAWGOOGTC,,1/28/2016,1/25/2016,1,Online,Call Center Internal
Treadclimber,CAM6110 SAWGOOGTC,,1/29/2016,1/25/2016,1,Online,Call Center Internal
Treadclimber,CAM6110 SAWGOOGTC,1/30/2016,1/30/2016,1/25/2016,2,Online,Call Center Internal
Treadclimber,CAM6110 SAWGOOGTC,,1/30/2016,1/25/2016,3,Online,Call Center Internal
Treadclimber,CAM6110 SAWGOOGTC,1/31/2016,1/31/2016,1/25/2016,1,Online,Call Center Internal
Treadclimber,CAM6110 SAWGOOGTC,,1/31/2016,1/25/2016,2,Online,Call Center Internal
Treadclimber,CAM6110 SAWGOOGTC,1/26/2016,1/26/2016,1/25/2016,1,Online,Third Party Call Center - Evolve
Treadclimber,CAM6110 SAWGOOGTC,1/29/2016,1/29/2016,1/25/2016,1,Online,Third Party Call Center - Evolve
Treadclimber,CAM6110 SAWGOOGTC,1/30/2016,1/30/2016,1/25/2016,1,Online,Third Party Call Center - Evolve
Treadclimber,CAM33857 SAWDODMAGTDL,1/25/2016,1/25/2016,1/25/2016,1,Online Display,Call Center Internal
Bowflex Catalog,CAM33857 SAWDODMAGTDL,,1/29/2016,1/25/2016,1,Online Display,Call Center Internal
Treadclimber,CAM33860 dodmagtdrt1,,1/27/2016,1/25/2016,2,Online Display,Web
Treadclimber,CAM33860 dodmagtdrt1,1/28/2016,1/28/2016,1/25/2016,1,Online Display,Web
Treadclimber,CAM33860 dodmagtdrt1,,1/28/2016,1/25/2016,1,Online Display,Web
Treadclimber,CAM33860 dodmagtdrt1,2/24/2016,1/30/2016,1/25/2016,1,Online Display,Web
Treadclimber,CAM38447 dodrftdl1,,1/25/2016,1/25/2016,1,Online Display,Web
Treadclimber,CAM38447 dodrftdl1,1/26/2016,1/26/2016,1/25/2016,1,Online Display,Web
Treadclimber,CAM38447 dodrftdl1,,1/26/2016,1/25/2016,1,Online Display,Web
Treadclimber,CAM38447 dodrftdl1,1/27/2016,1/27/2016,1/25/2016,1,Online Display,Web
Treadclimber,CAM38447 dodrftdl1,,1/28/2016,1/25/2016,2,Online Display,Web
Treadclimber,CAM38447 dodrftdl1,,1/29/2016,1/25/2016,1,Online Display,Web
Treadclimber,CAM38447 dodrftdl1,,1/31/2016,1/25/2016,1,Online Display,Web
Treadclimber,CAM38481 SAWDODRFT,1/29/2016,1/29/2016,1/25/2016,1,Online Display,Third Party Call Center - Evolve
Bowflex Selecttech Dumbbells,CAM39081 dodrfddl1,1/25/2016,1/25/2016,1/25/2016,2,Online Display,Web
Bowflex Selecttech Dumbbells,CAM39081 dodrfddl1,1/26/2016,1/26/2016,1/25/2016,1,Online Display,Web
Bowflex Selecttech Dumbbells,CAM39081 dodrfddl1,,1/29/2016,1/25/2016,1,Online Display,Web
Bowflex Selecttech Dumbbells,CAM39081 dodrfddl1,1/30/2016,1/30/2016,1/25/2016,1,Online Display,Web
Bowflex Home Gyms,CAM39082 dodrfgdl1,1/28/2016,1/28/2016,1/25/2016,1,Online Display,Web
Bowflex Max Trainer,CAM44220 SAWDODRFE,1/27/2016,1/27/2016,1/25/2016,1,Online Display,Third Party Call Center - Evolve
Bowflex Max Trainer,CAM44487 dodlviedl1,1/27/2016,1/27/2016,1/25/2016,1,Online Display,Web
Bowflex Max Trainer,CAM44487 dodlviedl1,1/29/2016,1/29/2016,1/25/2016,1,Online Display,Web
Bowflex Max Trainer,CAM44487 dodlviedl1,,1/29/2016,1/25/2016,1,Online Display,Web
Bowflex Max Trainer,CAM44487 dodlviedl1,1/30/2016,1/30/2016,1/25/2016,3,Online Display,Web
Bowflex Max Trainer,CAM44487 dodlviedl1,,1/30/2016,1/25/2016,2,Online Display,Web
Bowflex Max Trainer,CAM44487 dodlviedl1,1/31/2016,1/31/2016,1/25/2016,2,Online Display,Web
Bowflex Max Trainer,CAM44487 dodlviedl1,,1/31/2016,1/25/2016,2,Online Display,Web
Bowflex Max Trainer,CAM45736 DODRFEDL3,1/25/2016,1/25/2016,1/25/2016,1,Online Display,Web
Bowflex Max Trainer,CAM45736 DODRFEDL3,1/26/2016,1/26/2016,1/25/2016,3,Online Display,Web
Bowflex Max Trainer,CAM45736 DODRFEDL3,,1/26/2016,1/25/2016,3,Online Display,Web
Bowflex Max Trainer,CAM45736 DODRFEDL3,1/27/2016,1/27/2016,1/25/2016,1,Online Display,Web
Bowflex Max Trainer,CAM45736 DODRFEDL3,,1/27/2016,1/25/2016,3,Online Display,Web
Bowflex Max Trainer,CAM45736 DODRFEDL3,1/28/2016,1/28/2016,1/25/2016,2,Online Display,Web
Bowflex Max Trainer,CAM45736 DODRFEDL3,,1/28/2016,1/25/2016,1,Online Display,Web
Bowflex Max Trainer,CAM45736 DODRFEDL3,1/29/2016,1/29/2016,1/25/2016,1,Online Display,Web
Bowflex Max Trainer,CAM45736 DODRFEDL3,1/30/2016,1/30/2016,1/25/2016,2,Online Display,Web
Bowflex Max Trainer,CAM45736 DODRFEDL3,1/31/2016,1/31/2016,1/25/2016,2,Online Display,Web
Bowflex Max Trainer,CAM45736 DODRFEDL3,,1/31/2016,1/25/2016,1,Online Display,Web
Bowflex Max Trainer,CAM45910 DODADCEDL3,1/25/2016,1/25/2016,1/25/2016,1,Online Display,Web
Bowflex Max Trainer,CAM45910 DODADCEDL3,,1/25/2016,1/25/2016,1,Online Display,Web
Bowflex Max Trainer,CAM45910 DODADCEDL3,1/26/2016,1/26/2016,1/25/2016,2,Online Display,Web
Bowflex Max Trainer,CAM45910 DODADCEDL3,,1/26/2016,1/25/2016,2,Online Display,Web
Treadclimber,CAM45910 DODADCEDL3,,1/26/2016,1/25/2016,1,Online Display,Web
Bowflex Max Trainer,CAM45910 DODADCEDL3,1/27/2016,1/27/2016,1/25/2016,3,Online Display,Web
Bowflex Max Trainer,CAM45910 DODADCEDL3,,1/27/2016,1/25/2016,1,Online Display,Web
Bowflex Max Trainer,CAM45910 DODADCEDL3,1/28/2016,1/28/2016,1/25/2016,1,Online Display,Web
Bowflex Max Trainer,CAM45910 DODADCEDL3,1/29/2016,1/29/2016,1/25/2016,3,Online Display,Web
Bowflex Max Trainer,CAM45910 DODADCEDL3,1/30/2016,1/30/2016,1/25/2016,5,Online Display,Web
Bowflex Max Trainer,CAM45910 DODADCEDL3,,1/30/2016,1/25/2016,1,Online Display,Web
Bowflex Max Trainer,CAM45910 DODADCEDL3,,1/31/2016,1/25/2016,1,Online Display,Web
Treadclimber,CAM47235 SAWDODCTOT,,1/25/2016,1/25/2016,1,Online Display,Call Center Internal
Treadclimber,CAM47235 SAWDODCTOT,,1/31/2016,1/25/2016,1,Online Display,Call Center Internal
Bowflex Max Trainer,CAM47239 SAWDODCTOE,,1/25/2016,1/25/2016,2,Online Display,Call Center Internal
Treadclimber,CAM47239 SAWDODCTOE,,1/25/2016,1/25/2016,1,Online Display,Call Center Internal
Treadclimber,CAM47239 SAWDODCTOE,,1/27/2016,1/25/2016,1,Online Display,Call Center Internal
Bowflex Max Trainer,CAM47239 SAWDODCTOE,,1/28/2016,1/25/2016,1,Online Display,Call Center Internal
Bowflex Max Trainer,CAM47239 SAWDODCTOE,,1/29/2016,1/25/2016,1,Online Display,Call Center Internal
Treadclimber,CAM47239 SAWDODCTOE,,1/29/2016,1/25/2016,1,Online Display,Call Center Internal
Bowflex Max Trainer,CAM47239 SAWDODCTOE,,1/30/2016,1/25/2016,1,Online Display,Call Center Internal
Treadclimber,CAM47239 SAWDODCTOE,,1/30/2016,1/25/2016,1,Online Display,Call Center Internal
Treadclimber,CAM47239 SAWDODCTOE,,1/31/2016,1/25/2016,1,Online Display,Call Center Internal
Bowflex Max Trainer,CAM47239 SAWDODCTOE,1/25/2016,1/25/2016,1/25/2016,1,Online Display,Third Party Call Center - Evolve
Bowflex Max Trainer,CAM47239 SAWDODCTOE,1/26/2016,1/26/2016,1/25/2016,1,Online Display,Third Party Call Center - Evolve
Bowflex Max Trainer,CAM47239 SAWDODCTOE,1/30/2016,1/30/2016,1/25/2016,1,Online Display,Third Party Call Center - Evolve
Treadclimber,CAM47251 DODCTOEDL2,,1/27/2016,1/25/2016,1,Online Display,Call Center Internal
Bowflex Max Trainer,CAM47251 DODCTOEDL2,1/25/2016,1/25/2016,1/25/2016,27,Online Display,Web
Bowflex Max Trainer,CAM47251 DODCTOEDL2,,1/25/2016,1/25/2016,36,Online Display,Web
Treadclimber,CAM47251 DODCTOEDL2,,1/25/2016,1/25/2016,3,Online Display,Web
Bowflex Max Trainer,CAM47251 DODCTOEDL2,1/26/2016,1/26/2016,1/25/2016,23,Online Display,Web
Bowflex Max Trainer,CAM47251 DODCTOEDL2,,1/26/2016,1/25/2016,32,Online Display,Web
Treadclimber,CAM47251 DODCTOEDL2,,1/26/2016,1/25/2016,1,Online Display,Web
Bowflex Max Trainer,CAM47251 DODCTOEDL2,1/27/2016,1/27/2016,1/25/2016,22,Online Display,Web
Bowflex Max Trainer,CAM47251 DODCTOEDL2,1/29/2016,1/27/2016,1/25/2016,1,Online Display,Web
Bowflex Max Trainer,CAM47251 DODCTOEDL2,,1/27/2016,1/25/2016,33,Online Display,Web
Treadclimber,CAM47251 DODCTOEDL2,,1/27/2016,1/25/2016,5,Online Display,Web
Bowflex Max Trainer,CAM47251 DODCTOEDL2,1/28/2016,1/28/2016,1/25/2016,23,Online Display,Web
Bowflex Catalog,CAM47251 DODCTOEDL2,,1/28/2016,1/25/2016,1,Online Display,Web
Bowflex Max Trainer,CAM47251 DODCTOEDL2,,1/28/2016,1/25/2016,30,Online Display,Web
Treadclimber,CAM47251 DODCTOEDL2,,1/28/2016,1/25/2016,3,Online Display,Web
Bowflex Max Trainer,CAM47251 DODCTOEDL2,1/29/2016,1/29/2016,1/25/2016,15,Online Display,Web
Bowflex Catalog,CAM47251 DODCTOEDL2,,1/29/2016,1/25/2016,1,Online Display,Web
Bowflex Max Trainer,CAM47251 DODCTOEDL2,,1/29/2016,1/25/2016,26,Online Display,Web
Bowflex Max Trainer,CAM47251 DODCTOEDL2,1/30/2016,1/30/2016,1/25/2016,16,Online Display,Web
Bowflex Max Trainer,CAM47251 DODCTOEDL2,2/10/2016,1/30/2016,1/25/2016,1,Online Display,Web
Bowflex Max Trainer,CAM47251 DODCTOEDL2,,1/30/2016,1/25/2016,21,Online Display,Web
Treadclimber,CAM47251 DODCTOEDL2,,1/30/2016,1/25/2016,2,Online Display,Web
Bowflex Max Trainer,CAM47251 DODCTOEDL2,1/31/2016,1/31/2016,1/25/2016,17,Online Display,Web
Bowflex Max Trainer,CAM47251 DODCTOEDL2,2/14/2016,1/31/2016,1/25/2016,1,Online Display,Web
Bowflex Max Trainer,CAM47251 DODCTOEDL2,2/20/2016,1/31/2016,1/25/2016,1,Online Display,Web
Bowflex Max Trainer,CAM47251 DODCTOEDL2,,1/31/2016,1/25/2016,38,Online Display,Web
Treadclimber,CAM47251 DODCTOEDL2,,1/31/2016,1/25/2016,6,Online Display,Web
Treadclimber,CAM47254 DODCTOTDL1,1/25/2016,1/25/2016,1/25/2016,3,Online Display,Web
Treadclimber,CAM47254 DODCTOTDL1,1/26/2016,1/25/2016,1/25/2016,1,Online Display,Web
Treadclimber,CAM47254 DODCTOTDL1,,1/25/2016,1/25/2016,11,Online Display,Web
Treadclimber,CAM47254 DODCTOTDL1,1/26/2016,1/26/2016,1/25/2016,11,Online Display,Web
Treadclimber,CAM47254 DODCTOTDL1,,1/26/2016,1/25/2016,8,Online Display,Web
Treadclimber,CAM47254 DODCTOTDL1,1/27/2016,1/27/2016,1/25/2016,7,Online Display,Web
Treadclimber,CAM47254 DODCTOTDL1,,1/27/2016,1/25/2016,11,Online Display,Web
Treadclimber,CAM47254 DODCTOTDL1,1/28/2016,1/28/2016,1/25/2016,7,Online Display,Web
Treadclimber,CAM47254 DODCTOTDL1,,1/28/2016,1/25/2016,14,Online Display,Web
Treadclimber,CAM47254 DODCTOTDL1,1/29/2016,1/29/2016,1/25/2016,2,Online Display,Web
Treadclimber,CAM47254 DODCTOTDL1,,1/29/2016,1/25/2016,7,Online Display,Web
Treadclimber,CAM47254 DODCTOTDL1,1/30/2016,1/30/2016,1/25/2016,3,Online Display,Web
Treadclimber,CAM47254 DODCTOTDL1,,1/30/2016,1/25/2016,4,Online Display,Web
Treadclimber,CAM47254 DODCTOTDL1,1/31/2016,1/31/2016,1/25/2016,6,Online Display,Web
Treadclimber,CAM47254 DODCTOTDL1,,1/31/2016,1/25/2016,8,Online Display,Web
Bowflex Home Gyms,CAM47260 DODCTOGDL1,1/25/2016,1/25/2016,1/25/2016,2,Online Display,Web
Bowflex Home Gyms,CAM47260 DODCTOGDL1,,1/28/2016,1/25/2016,1,Online Display,Web
Bowflex Home Gyms,CAM47260 DODCTOGDL1,1/29/2016,1/29/2016,1/25/2016,1,Online Display,Web
Bowflex Home Gyms,CAM47260 DODCTOGDL1,,1/30/2016,1/25/2016,1,Online Display,Web
Bowflex Home Gyms,CAM47260 DODCTOGDL1,,1/31/2016,1/25/2016,1,Online Display,Web
Bowflex Selecttech Dumbbells,CAM47267 DODCTODDL2,,1/25/2016,1/25/2016,1,Online Display,Web
Bowflex Selecttech Dumbbells,CAM47267 DODCTODDL2,1/26/2016,1/26/2016,1/25/2016,2,Online Display,Web
Bowflex Selecttech Dumbbells,CAM47267 DODCTODDL2,,1/26/2016,1/25/2016,2,Online Display,Web
Bowflex Selecttech Dumbbells,CAM47267 DODCTODDL2,1/28/2016,1/28/2016,1/25/2016,2,Online Display,Web
Bowflex Selecttech Dumbbells,CAM47267 DODCTODDL2,1/29/2016,1/29/2016,1/25/2016,1,Online Display,Web
Bowflex Selecttech Dumbbells,CAM47267 DODCTODDL2,,1/30/2016,1/25/2016,1,Online Display,Web
Bowflex Selecttech Dumbbells,CAM47267 DODCTODDL2,1/31/2016,1/31/2016,1/25/2016,1,Online Display,Web
Treadclimber,CAM48241 DODRFTDL10,,1/27/2016,1/25/2016,1,Online Display,Web
Bowflex Max Trainer,CAM48252 DODMAGEDL1,1/25/2016,1/25/2016,1/25/2016,2,Online Display,Web
Bowflex Max Trainer,CAM48252 DODMAGEDL1,,1/26/2016,1/25/2016,1,Online Display,Web
Bowflex Max Trainer,CAM48252 DODMAGEDL1,,1/27/2016,1/25/2016,1,Online Display,Web
Bowflex Max Trainer,CAM48252 DODMAGEDL1,1/28/2016,1/28/2016,1/25/2016,1,Online Display,Web
Bowflex Max Trainer,CAM48252 DODMAGEDL1,,1/28/2016,1/25/2016,1,Online Display,Web
Bowflex Max Trainer,CAM48252 DODMAGEDL1,1/29/2016,1/29/2016,1/25/2016,1,Online Display,Web
Treadclimber,CAM48252 DODMAGEDL1,,1/29/2016,1/25/2016,1,Online Display,Web
Bowflex Max Trainer,CAM48252 DODMAGEDL1,,1/30/2016,1/25/2016,1,Online Display,Web
Bowflex Max Trainer,CAM48895 SAWDODDRBE,,1/26/2016,1/25/2016,1,Online Display,Call Center Internal
Treadclimber,CAM48928 DODSTLTDL8,1/25/2016,1/25/2016,1/25/2016,1,Online Display,Web
Treadclimber,CAM48928 DODSTLTDL8,,1/25/2016,1/25/2016,2,Online Display,Web
Treadclimber,CAM48928 DODSTLTDL8,1/26/2016,1/26/2016,1/25/2016,2,Online Display,Web
Treadclimber,CAM48928 DODSTLTDL8,,1/26/2016,1/25/2016,1,Online Display,Web
Treadclimber,CAM48928 DODSTLTDL8,1/27/2016,1/27/2016,1/25/2016,1,Online Display,Web
Treadclimber,CAM48928 DODSTLTDL8,,1/27/2016,1/25/2016,2,Online Display,Web
Treadclimber,CAM48928 DODSTLTDL8,,1/30/2016,1/25/2016,1,Online Display,Web
Treadclimber,CAM48928 DODSTLTDL8,1/31/2016,1/31/2016,1/25/2016,1,Online Display,Web
Treadclimber,CAM48930 DODYAHTDL4,1/27/2016,1/27/2016,1/25/2016,1,Online Display,Web
Treadclimber,CAM48930 DODYAHTDL4,1/28/2016,1/28/2016,1/25/2016,1,Online Display,Web
Treadclimber,CAM48930 DODYAHTDL4,,1/28/2016,1/25/2016,1,Online Display,Web
Treadclimber,CAM48932 DODABCTDL1,1/27/2016,1/27/2016,1/25/2016,1,Online Display,Web
Treadclimber,CAM48932 DODABCTDL1,1/31/2016,1/31/2016,1/25/2016,1,Online Display,Web
Bowflex Max Trainer,CAM48934 DODDRBEDL1,1/25/2016,1/25/2016,1/25/2016,1,Online Display,Web
Bowflex Max Trainer,CAM48934 DODDRBEDL1,,1/25/2016,1/25/2016,1,Online Display,Web
Treadclimber,CAM48934 DODDRBEDL1,,1/25/2016,1/25/2016,1,Online Display,Web
Bowflex Max Trainer,CAM48934 DODDRBEDL1,,1/30/2016,1/25/2016,1,Online Display,Web
Bowflex Max Trainer,CAM48934 DODDRBEDL1,,1/31/2016,1/25/2016,1,Online Display,Web
Bowflex Max Trainer,CAM48937 DODSHREDL2,1/25/2016,1/25/2016,1/25/2016,1,Online Display,Web
Bowflex Max Trainer,CAM48937 DODSHREDL2,1/27/2016,1/25/2016,1/25/2016,1,Online Display,Web
Bowflex Max Trainer,CAM48937 DODSHREDL2,1/27/2016,1/27/2016,1/25/2016,1,Online Display,Web
Bowflex Max Trainer,CAM48937 DODSHREDL2,,1/30/2016,1/25/2016,1,Online Display,Web
Bowflex Max Trainer,CAM48938 DODSHREDL3,1/25/2016,1/25/2016,1/25/2016,1,Online Display,Web
Bowflex Home Gyms,CAM30755 dosg2gsl1,,1/25/2016,1/25/2016,1,Online Search,Web
Bowflex Home Gyms,CAM30755 dosg2gsl1,,1/26/2016,1/25/2016,1,Online Search,Web
Bowflex Home Gyms,CAM30755 dosg2gsl1,1/27/2016,1/27/2016,1/25/2016,1,Online Search,Web
Bowflex Home Gyms,CAM30755 dosg2gsl1,,1/27/2016,1/25/2016,1,Online Search,Web
Bowflex Selecttech Dumbbells,CAM30793 SAWDOSG2D,,1/28/2016,1/25/2016,1,Online Search,Call Center Internal
Bowflex Max Trainer,CAM30793 SAWDOSG2D,,1/29/2016,1/25/2016,1,Online Search,Call Center Internal
Bowflex Selecttech Dumbbells,CAM30793 SAWDOSG2D,,1/29/2016,1/25/2016,3,Online Search,Call Center Internal
Treadclimber,CAM30793 SAWDOSG2D,,1/29/2016,1/25/2016,1,Online Search,Call Center Internal
Bowflex Home Gyms,CAM30793 SAWDOSG2D,,1/30/2016,1/25/2016,1,Online Search,Call Center Internal
Bowflex Selecttech Dumbbells,CAM30793 SAWDOSG2D,,1/30/2016,1/25/2016,1,Online Search,Call Center Internal
Bowflex Selecttech Dumbbells,CAM30793 SAWDOSG2D,,1/31/2016,1/25/2016,2,Online Search,Call Center Internal
Bowflex Home Gyms,CAM30796 SAWDOSG2G,,1/26/2016,1/25/2016,1,Online Search,Call Center Internal
Bowflex Max Trainer,CAM30796 SAWDOSG2G,,1/26/2016,1/25/2016,1,Online Search,Call Center Internal
Bowflex Revolution,CAM30796 SAWDOSG2G,,1/26/2016,1/25/2016,1,Online Search,Call Center Internal
Bowflex Home Gyms,CAM30796 SAWDOSG2G,1/27/2016,1/27/2016,1/25/2016,1,Online Search,Call Center Internal
Bowflex Home Gyms,CAM30796 SAWDOSG2G,1/28/2016,1/28/2016,1/25/2016,1,Online Search,Call Center Internal
Bowflex Home Gyms,CAM30796 SAWDOSG2G,,1/28/2016,1/25/2016,1,Online Search,Call Center Internal
Bowflex Home Gyms,CAM30796 SAWDOSG2G,,1/29/2016,1/25/2016,1,Online Search,Call Center Internal
Bowflex Revolution,CAM30796 SAWDOSG2G,,1/29/2016,1/25/2016,1,Online Search,Call Center Internal
Bowflex Home Gyms,CAM31080 dosg2ggl1bf,1/25/2016,1/25/2016,1/25/2016,6,Online Search,Web
Bowflex Home Gyms,CAM31080 dosg2ggl1bf,,1/25/2016,1/25/2016,2,Online Search,Web
Treadclimber,CAM31080 dosg2ggl1bf,,1/25/2016,1/25/2016,3,Online Search,Web
Bowflex Home Gyms,CAM31080 dosg2ggl1bf,1/26/2016,1/26/2016,1/25/2016,3,Online Search,Web
Bowflex Home Gyms,CAM31080 dosg2ggl1bf,,1/26/2016,1/25/2016,3,Online Search,Web
Bowflex Home Gyms,CAM31080 dosg2ggl1bf,1/27/2016,1/27/2016,1/25/2016,6,Online Search,Web
Bowflex Home Gyms,CAM31080 dosg2ggl1bf,,1/27/2016,1/25/2016,5,Online Search,Web
Bowflex Revolution,CAM31080 dosg2ggl1bf,,1/27/2016,1/25/2016,1,Online Search,Web
Treadclimber,CAM31080 dosg2ggl1bf,,1/27/2016,1/25/2016,2,Online Search,Web
Bowflex Home Gyms,CAM31080 dosg2ggl1bf,1/28/2016,1/28/2016,1/25/2016,6,Online Search,Web
Bowflex Home Gyms,CAM31080 dosg2ggl1bf,,1/28/2016,1/25/2016,6,Online Search,Web
Treadclimber,CAM31080 dosg2ggl1bf,,1/28/2016,1/25/2016,1,Online Search,Web
Bowflex Home Gyms,CAM31080 dosg2ggl1bf,1/29/2016,1/29/2016,1/25/2016,3,Online Search,Web
Bowflex Home Gyms,CAM31080 dosg2ggl1bf,,1/29/2016,1/25/2016,10,Online Search,Web
Bowflex Revolution,CAM31080 dosg2ggl1bf,,1/29/2016,1/25/2016,1,Online Search,Web
Treadclimber,CAM31080 dosg2ggl1bf,,1/29/2016,1/25/2016,1,Online Search,Web
Bowflex Home Gyms,CAM31080 dosg2ggl1bf,1/30/2016,1/30/2016,1/25/2016,5,Online Search,Web
Bowflex Home Gyms,CAM31080 dosg2ggl1bf,,1/30/2016,1/25/2016,8,Online Search,Web
Bowflex Revolution,CAM31080 dosg2ggl1bf,,1/30/2016,1/25/2016,2,Online Search,Web
Bowflex Selecttech Dumbbells,CAM31080 dosg2ggl1bf,,1/30/2016,1/25/2016,1,Online Search,Web
Treadclimber,CAM31080 dosg2ggl1bf,,1/30/2016,1/25/2016,2,Online Search,Web
Bowflex Home Gyms,CAM31080 dosg2ggl1bf,1/31/2016,1/31/2016,1/25/2016,6,Online Search,Web
Bowflex Home Gyms,CAM31080 dosg2ggl1bf,,1/31/2016,1/25/2016,4,Online Search,Web
Bowflex Revolution,CAM31080 dosg2ggl1bf,,1/31/2016,1/25/2016,1,Online Search,Web
Treadclimber,CAM31080 dosg2ggl1bf,,1/31/2016,1/25/2016,1,Online Search,Web
Treadclimber,CAM31082 dosg2tgl1tc,1/25/2016,1/25/2016,1/25/2016,6,Online Search,Web
Treadclimber,CAM31082 dosg2tgl1tc,,1/25/2016,1/25/2016,6,Online Search,Web
Treadclimber,CAM31082 dosg2tgl1tc,1/26/2016,1/26/2016,1/25/2016,5,Online Search,Web
Treadclimber,CAM31082 dosg2tgl1tc,,1/26/2016,1/25/2016,6,Online Search,Web
Treadclimber,CAM31082 dosg2tgl1tc,1/27/2016,1/27/2016,1/25/2016,4,Online Search,Web
Treadclimber,CAM31082 dosg2tgl1tc,,1/27/2016,1/25/2016,12,Online Search,Web
Treadclimber,CAM31082 dosg2tgl1tc,1/28/2016,1/28/2016,1/25/2016,4,Online Search,Web
Treadclimber,CAM31082 dosg2tgl1tc,,1/28/2016,1/25/2016,7,Online Search,Web
Treadclimber,CAM31082 dosg2tgl1tc,1/29/2016,1/29/2016,1/25/2016,3,Online Search,Web
Treadclimber,CAM31082 dosg2tgl1tc,,1/29/2016,1/25/2016,8,Online Search,Web
Treadclimber,CAM31082 dosg2tgl1tc,1/30/2016,1/30/2016,1/25/2016,7,Online Search,Web
Treadclimber,CAM31082 dosg2tgl1tc,,1/30/2016,1/25/2016,10,Online Search,Web
Treadclimber,CAM31082 dosg2tgl1tc,1/31/2016,1/31/2016,1/25/2016,8,Online Search,Web
Treadclimber,CAM31082 dosg2tgl1tc,,1/31/2016,1/25/2016,12,Online Search,Web
Bowflex Home Gyms,CAM31268 icaosgcwgl1cab,1/30/2016,1/30/2016,1/25/2016,1,Online Search,Web
Bowflex Selecttech Dumbbells,CAM32005 dosg2dad1,,1/25/2016,1/25/2016,1,Online Search,Web
Bowflex Selecttech Dumbbells,CAM32005 dosg2dad1,1/26/2016,1/26/2016,1/25/2016,1,Online Search,Web
Bowflex Catalog,CAM32308 SAWDOSMSNC,,1/26/2016,1/25/2016,1,Online Search,Call Center Internal
Treadclimber,CAM32308 SAWDOSMSNC,,1/26/2016,1/25/2016,1,Online Search,Call Center Internal
Bowflex Catalog,CAM32308 SAWDOSMSNC,1/27/2016,1/27/2016,1/25/2016,1,Online Search,Call Center Internal
Bowflex Catalog,CAM32376 dosg2csl1,1/25/2016,1/25/2016,1/25/2016,3,Online Search,Web
Bowflex Body,CAM32376 dosg2csl1,,1/25/2016,1/25/2016,1,Online Search,Web
Bowflex Catalog,CAM32376 dosg2csl1,,1/25/2016,1/25/2016,1,Online Search,Web
Bowflex Max Trainer,CAM32376 dosg2csl1,,1/25/2016,1/25/2016,1,Online Search,Web
Bowflex Catalog,CAM32376 dosg2csl1,,1/26/2016,1/25/2016,1,Online Search,Web
Bowflex Home Gyms,CAM32376 dosg2csl1,,1/26/2016,1/25/2016,1,Online Search,Web
Bowflex Catalog,CAM32376 dosg2csl1,1/27/2016,1/27/2016,1/25/2016,4,Online Search,Web
Bowflex Catalog,CAM32376 dosg2csl1,,1/27/2016,1/25/2016,3,Online Search,Web
Bowflex Home Gyms,CAM32376 dosg2csl1,,1/27/2016,1/25/2016,1,Online Search,Web
Bowflex Max Trainer,CAM32376 dosg2csl1,,1/27/2016,1/25/2016,1,Online Search,Web
Bowflex Catalog,CAM32376 dosg2csl1,,1/28/2016,1/25/2016,3,Online Search,Web
Bowflex Home Gyms,CAM32376 dosg2csl1,,1/28/2016,1/25/2016,1,Online Search,Web
Bowflex Max Trainer,CAM32376 dosg2csl1,,1/28/2016,1/25/2016,1,Online Search,Web
Bowflex Catalog,CAM32376 dosg2csl1,,1/29/2016,1/25/2016,1,Online Search,Web
Bowflex Catalog,CAM32376 dosg2csl1,1/30/2016,1/30/2016,1/25/2016,1,Online Search,Web
Bowflex Catalog,CAM32376 dosg2csl1,,1/30/2016,1/25/2016,1,Online Search,Web
Bowflex Catalog,CAM32376 dosg2csl1,1/31/2016,1/31/2016,1/25/2016,1,Online Search,Web
Bowflex Body,CAM32376 dosg2csl1,,1/31/2016,1/25/2016,1,Online Search,Web
Bowflex Catalog,CAM32376 dosg2csl1,,1/31/2016,1/25/2016,4,Online Search,Web
Bowflex Catalog,CAM32380 dosmsncsl1,2/5/2016,1/25/2016,1/25/2016,1,Online Search,Web
Bowflex Catalog,CAM32380 dosmsncsl1,1/26/2016,1/26/2016,1/25/2016,1,Online Search,Web
Bowflex Body,CAM32380 dosmsncsl1,,1/26/2016,1/25/2016,1,Online Search,Web
Bowflex Catalog,CAM32380 dosmsncsl1,,1/26/2016,1/25/2016,1,Online Search,Web
Bowflex Catalog,CAM32380 dosmsncsl1,1/27/2016,1/27/2016,1/25/2016,1,Online Search,Web
Bowflex Catalog,CAM32380 dosmsncsl1,,1/28/2016,1/25/2016,1,Online Search,Web
Bowflex Revolution,CAM32380 dosmsncsl1,,1/28/2016,1/25/2016,1,Online Search,Web
Bowflex Catalog,CAM32380 dosmsncsl1,1/29/2016,1/29/2016,1/25/2016,1,Online Search,Web
Bowflex Catalog,CAM32380 dosmsncsl1,1/30/2016,1/30/2016,1/25/2016,2,Online Search,Web
Bowflex Catalog,CAM32380 dosmsncsl1,,1/30/2016,1/25/2016,1,Online Search,Web
Bowflex Catalog,CAM32380 dosmsncsl1,,1/31/2016,1/25/2016,1,Online Search,Web
Bowflex Max Trainer,CAM32380 dosmsncsl1,,1/31/2016,1/25/2016,1,Online Search,Web
Treadclimber,CAM32595 SAWDOSBIT,1/25/2016,1/25/2016,1/25/2016,3,Online Search,Call Center Internal
Treadclimber,CAM32595 SAWDOSBIT,1/26/2016,1/26/2016,1/25/2016,1,Online Search,Call Center Internal
Treadclimber,CAM32595 SAWDOSBIT,1/27/2016,1/27/2016,1/25/2016,1,Online Search,Call Center Internal
Treadclimber,CAM32595 SAWDOSBIT,,1/27/2016,1/25/2016,2,Online Search,Call Center Internal
Treadclimber,CAM32595 SAWDOSBIT,,1/28/2016,1/25/2016,1,Online Search,Call Center Internal
Treadclimber,CAM32595 SAWDOSBIT,1/29/2016,1/29/2016,1/25/2016,1,Online Search,Call Center Internal
Treadclimber,CAM32595 SAWDOSBIT,,1/29/2016,1/25/2016,1,Online Search,Call Center Internal
Treadclimber,CAM32595 SAWDOSBIT,1/26/2016,1/26/2016,1/25/2016,1,Online Search,Third Party Call Center - Evolve
Bowflex Home Gyms,CAM32607 dosg2gad2,,1/25/2016,1/25/2016,1,Online Search,Web
Bowflex Home Gyms,CAM32607 dosg2gad2,,1/27/2016,1/25/2016,2,Online Search,Web
Bowflex Home Gyms,CAM32607 dosg2gad2,1/29/2016,1/29/2016,1/25/2016,1,Online Search,Web
Bowflex Home Gyms,CAM32607 dosg2gad2,,1/29/2016,1/25/2016,1,Online Search,Web
Bowflex Home Gyms,CAM32607 dosg2gad2,1/30/2016,1/30/2016,1/25/2016,1,Online Search,Web
Bowflex Home Gyms,CAM32607 dosg2gad2,1/31/2016,1/31/2016,1/25/2016,1,Online Search,Web
Bowflex Home Gyms,CAM32678 dosg2dgl1st,,1/25/2016,1/25/2016,1,Online Search,Web
Bowflex Selecttech Dumbbells,CAM32678 dosg2dgl1st,,1/25/2016,1/25/2016,13,Online Search,Web
Bowflex Selecttech Dumbbells,CAM32678 dosg2dgl1st,1/26/2016,1/26/2016,1/25/2016,2,Online Search,Web
Bowflex Selecttech Dumbbells,CAM32678 dosg2dgl1st,,1/26/2016,1/25/2016,5,Online Search,Web
Bowflex Selecttech Dumbbells,CAM32678 dosg2dgl1st,1/27/2016,1/27/2016,1/25/2016,1,Online Search,Web
Bowflex Selecttech Dumbbells,CAM32678 dosg2dgl1st,,1/27/2016,1/25/2016,12,Online Search,Web
Bowflex Selecttech Dumbbells,CAM32678 dosg2dgl1st,1/28/2016,1/28/2016,1/25/2016,1,Online Search,Web
Bowflex Selecttech Dumbbells,CAM32678 dosg2dgl1st,,1/28/2016,1/25/2016,4,Online Search,Web
Bowflex Selecttech Dumbbells,CAM32678 dosg2dgl1st,1/29/2016,1/29/2016,1/25/2016,1,Online Search,Web
Bowflex Selecttech Dumbbells,CAM32678 dosg2dgl1st,,1/29/2016,1/25/2016,5,Online Search,Web
Bowflex Selecttech Dumbbells,CAM32678 dosg2dgl1st,,1/30/2016,1/25/2016,6,Online Search,Web
Bowflex Home Gyms,CAM32678 dosg2dgl1st,,1/31/2016,1/25/2016,1,Online Search,Web
Bowflex Selecttech Dumbbells,CAM32678 dosg2dgl1st,,1/31/2016,1/25/2016,15,Online Search,Web
Treadclimber,CAM33014 SAWDOSG2TMOBILE,,1/28/2016,1/25/2016,1,Online Search,Call Center Internal
Treadclimber,CAM33117 dosg2tmobile,1/25/2016,1/25/2016,1/25/2016,28,Online Search,Web
Treadclimber,CAM33117 dosg2tmobile,1/26/2016,1/26/2016,1/25/2016,27,Online Search,Web
Treadclimber,CAM33117 dosg2tmobile,,1/26/2016,1/25/2016,2,Online Search,Web
Treadclimber,CAM33117 dosg2tmobile,1/27/2016,1/27/2016,1/25/2016,31,Online Search,Web
Treadclimber,CAM33117 dosg2tmobile,2/29/2016,1/27/2016,1/25/2016,1,Online Search,Web
Treadclimber,CAM33117 dosg2tmobile,,1/27/2016,1/25/2016,3,Online Search,Web
Treadclimber,CAM33117 dosg2tmobile,1/28/2016,1/28/2016,1/25/2016,17,Online Search,Web
Treadclimber,CAM33117 dosg2tmobile,1/29/2016,1/29/2016,1/25/2016,22,Online Search,Web
Treadclimber,CAM33117 dosg2tmobile,2/18/2016,1/29/2016,1/25/2016,1,Online Search,Web
Bowflex Catalog,CAM33117 dosg2tmobile,1/30/2016,1/30/2016,1/25/2016,1,Online Search,Web
Treadclimber,CAM33117 dosg2tmobile,1/30/2016,1/30/2016,1/25/2016,49,Online Search,Web
Treadclimber,CAM33117 dosg2tmobile,2/3/2016,1/30/2016,1/25/2016,1,Online Search,Web
Treadclimber,CAM33117 dosg2tmobile,,1/30/2016,1/25/2016,1,Online Search,Web
Treadclimber,CAM33117 dosg2tmobile,1/31/2016,1/31/2016,1/25/2016,54,Online Search,Web
Treadclimber,CAM33117 dosg2tmobile,,1/31/2016,1/25/2016,2,Online Search,Web
Treadclimber,CAM36194 dosg2tsl1,,1/25/2016,1/25/2016,4,Online Search,Web
Treadclimber,CAM36194 dosg2tsl1,,1/26/2016,1/25/2016,2,Online Search,Web
Treadclimber,CAM36194 dosg2tsl1,1/27/2016,1/27/2016,1/25/2016,2,Online Search,Web
Treadclimber,CAM36194 dosg2tsl1,,1/27/2016,1/25/2016,3,Online Search,Web
Treadclimber,CAM36194 dosg2tsl1,1/28/2016,1/28/2016,1/25/2016,1,Online Search,Web
Treadclimber,CAM36194 dosg2tsl1,,1/28/2016,1/25/2016,6,Online Search,Web
Treadclimber,CAM36194 dosg2tsl1,1/29/2016,1/29/2016,1/25/2016,1,Online Search,Web
Treadclimber,CAM36194 dosg2tsl1,,1/29/2016,1/25/2016,2,Online Search,Web
Treadclimber,CAM36194 dosg2tsl1,1/30/2016,1/30/2016,1/25/2016,1,Online Search,Web
Treadclimber,CAM36194 dosg2tsl1,1/31/2016,1/31/2016,1/25/2016,1,Online Search,Web
Treadclimber,CAM36194 dosg2tsl1,,1/31/2016,1/25/2016,5,Online Search,Web
Treadclimber,CAM36206 dosg2tsl7,1/29/2016,1/29/2016,1/25/2016,1,Online Search,Web
Treadclimber,CAM36206 dosg2tsl7,,1/30/2016,1/25/2016,1,Online Search,Web
Treadclimber,CAM36885 dosbitsl2,1/25/2016,1/25/2016,1/25/2016,3,Online Search,Web
Treadclimber,CAM36885 dosbitsl2,,1/25/2016,1/25/2016,5,Online Search,Web
Treadclimber,CAM36885 dosbitsl2,1/26/2016,1/26/2016,1/25/2016,5,Online Search,Web
Treadclimber,CAM36885 dosbitsl2,,1/26/2016,1/25/2016,6,Online Search,Web
Treadclimber,CAM36885 dosbitsl2,1/27/2016,1/27/2016,1/25/2016,2,Online Search,Web
Treadclimber,CAM36885 dosbitsl2,,1/27/2016,1/25/2016,4,Online Search,Web
Treadclimber,CAM36885 dosbitsl2,1/28/2016,1/28/2016,1/25/2016,1,Online Search,Web
Treadclimber,CAM36885 dosbitsl2,1/30/2016,1/28/2016,1/25/2016,1,Online Search,Web
Treadclimber,CAM36885 dosbitsl2,,1/28/2016,1/25/2016,4,Online Search,Web
Treadclimber,CAM36885 dosbitsl2,1/29/2016,1/29/2016,1/25/2016,5,Online Search,Web
Treadclimber,CAM36885 dosbitsl2,2/1/2016,1/29/2016,1/25/2016,1,Online Search,Web
Treadclimber,CAM36885 dosbitsl2,,1/29/2016,1/25/2016,3,Online Search,Web
Treadclimber,CAM36885 dosbitsl2,1/30/2016,1/30/2016,1/25/2016,1,Online Search,Web
Treadclimber,CAM36885 dosbitsl2,,1/30/2016,1/25/2016,4,Online Search,Web
Treadclimber,CAM36885 dosbitsl2,1/31/2016,1/31/2016,1/25/2016,8,Online Search,Web
Treadclimber,CAM36885 dosbitsl2,,1/31/2016,1/25/2016,5,Online Search,Web
Bowflex Selecttech Dumbbells,CAM37106 dosbidsl5,,1/31/2016,1/25/2016,1,Online Search,Web
Bowflex Home Gyms,CAM37109 dosbigsl3,,1/31/2016,1/25/2016,1,Online Search,Web
Bowflex Revolution,CAM37109 dosbigsl3,,1/31/2016,1/25/2016,1,Online Search,Web
Bowflex Home Gyms,CAM37110 dosbigsl4,,1/30/2016,1/25/2016,1,Online Search,Web
Bowflex Selecttech Dumbbells,CAM37148 dosg2dsl12,,1/28/2016,1/25/2016,1,Online Search,Web
Bowflex Selecttech Dumbbells,CAM37148 dosg2dsl12,,1/31/2016,1/25/2016,1,Online Search,Web
Bowflex Selecttech Dumbbells,CAM37428 dosg2dsl14,,1/28/2016,1/25/2016,1,Online Search,Web
Bowflex Selecttech Dumbbells,CAM37428 dosg2dsl14,,1/29/2016,1/25/2016,2,Online Search,Web
Bowflex Selecttech Dumbbells,CAM37428 dosg2dsl14,1/30/2016,1/30/2016,1/25/2016,1,Online Search,Web
Bowflex Selecttech Dumbbells,CAM37428 dosg2dsl14,,1/30/2016,1/25/2016,1,Online Search,Web
Bowflex Selecttech Dumbbells,CAM37428 dosg2dsl14,2/4/2016,1/31/2016,1/25/2016,1,Online Search,Web
Bowflex Selecttech Dumbbells,CAM37429 dosg2dsl15,1/31/2016,1/31/2016,1/25/2016,1,Online Search,Web
Bowflex Selecttech Dumbbells,CAM37432 dosg2dsl18,1/25/2016,1/25/2016,1/25/2016,1,Online Search,Web
Bowflex Selecttech Dumbbells,CAM37432 dosg2dsl18,,1/25/2016,1/25/2016,3,Online Search,Web
Bowflex Selecttech Dumbbells,CAM37432 dosg2dsl18,,1/26/2016,1/25/2016,1,Online Search,Web
Bowflex Selecttech Dumbbells,CAM37432 dosg2dsl18,,1/27/2016,1/25/2016,1,Online Search,Web
Bowflex Selecttech Dumbbells,CAM37432 dosg2dsl18,,1/28/2016,1/25/2016,2,Online Search,Web
Bowflex Selecttech Dumbbells,CAM37432 dosg2dsl18,,1/29/2016,1/25/2016,1,Online Search,Web
Bowflex Home Gyms,CAM37434 dosg2gsl29,1/25/2016,1/25/2016,1/25/2016,2,Online Search,Web
Bowflex Home Gyms,CAM37434 dosg2gsl29,1/26/2016,1/26/2016,1/25/2016,2,Online Search,Web
Bowflex Home Gyms,CAM37434 dosg2gsl29,1/27/2016,1/27/2016,1/25/2016,2,Online Search,Web
Bowflex Home Gyms,CAM37434 dosg2gsl29,1/28/2016,1/28/2016,1/25/2016,2,Online Search,Web
Bowflex Home Gyms,CAM37434 dosg2gsl29,,1/28/2016,1/25/2016,1,Online Search,Web
Bowflex Home Gyms,CAM37434 dosg2gsl29,1/29/2016,1/29/2016,1/25/2016,2,Online Search,Web
Bowflex Home Gyms,CAM37434 dosg2gsl29,1/31/2016,1/31/2016,1/25/2016,4,Online Search,Web
Treadclimber,CAM37434 dosg2gsl29,,1/31/2016,1/25/2016,3,Online Search,Web
Treadclimber,CAM37440 dosg2tsl21,1/25/2016,1/25/2016,1/25/2016,16,Online Search,Web
Treadclimber,CAM37440 dosg2tsl21,,1/25/2016,1/25/2016,18,Online Search,Web
Treadclimber,CAM37440 dosg2tsl21,1/26/2016,1/26/2016,1/25/2016,9,Online Search,Web
Treadclimber,CAM37440 dosg2tsl21,2/4/2016,1/26/2016,1/25/2016,1,Online Search,Web
Bowflex Body,CAM37440 dosg2tsl21,,1/26/2016,1/25/2016,1,Online Search,Web
Bowflex Home Gyms,CAM37440 dosg2tsl21,,1/26/2016,1/25/2016,1,Online Search,Web
Treadclimber,CAM37440 dosg2tsl21,,1/26/2016,1/25/2016,19,Online Search,Web
Treadclimber,CAM37440 dosg2tsl21,1/27/2016,1/27/2016,1/25/2016,6,Online Search,Web
Treadclimber,CAM37440 dosg2tsl21,,1/27/2016,1/25/2016,17,Online Search,Web
Treadclimber,CAM37440 dosg2tsl21,1/28/2016,1/28/2016,1/25/2016,4,Online Search,Web
Treadclimber,CAM37440 dosg2tsl21,,1/28/2016,1/25/2016,19,Online Search,Web
Treadclimber,CAM37440 dosg2tsl21,1/29/2016,1/29/2016,1/25/2016,9,Online Search,Web
Treadclimber,CAM37440 dosg2tsl21,,1/29/2016,1/25/2016,22,Online Search,Web
Treadclimber,CAM37440 dosg2tsl21,1/30/2016,1/30/2016,1/25/2016,5,Online Search,Web
Treadclimber,CAM37440 dosg2tsl21,,1/30/2016,1/25/2016,18,Online Search,Web
Treadclimber,CAM37440 dosg2tsl21,1/31/2016,1/31/2016,1/25/2016,12,Online Search,Web
Treadclimber,CAM37440 dosg2tsl21,,1/31/2016,1/25/2016,30,Online Search,Web
Treadclimber,CAM37442 dosg2tsl23,,1/25/2016,1/25/2016,1,Online Search,Web
Treadclimber,CAM37442 dosg2tsl23,1/29/2016,1/29/2016,1/25/2016,1,Online Search,Web
Treadclimber,CAM37443 dosg2tsl24,1/25/2016,1/25/2016,1/25/2016,3,Online Search,Web
Treadclimber,CAM37443 dosg2tsl24,,1/25/2016,1/25/2016,3,Online Search,Web
Treadclimber,CAM37443 dosg2tsl24,1/26/2016,1/26/2016,1/25/2016,4,Online Search,Web
Treadclimber,CAM37443 dosg2tsl24,2/21/2016,1/26/2016,1/25/2016,1,Online Search,Web
Treadclimber,CAM37443 dosg2tsl24,,1/26/2016,1/25/2016,4,Online Search,Web
Treadclimber,CAM37443 dosg2tsl24,1/27/2016,1/27/2016,1/25/2016,6,Online Search,Web
Treadclimber,CAM37443 dosg2tsl24,,1/27/2016,1/25/2016,2,Online Search,Web
Treadclimber,CAM37443 dosg2tsl24,1/28/2016,1/28/2016,1/25/2016,4,Online Search,Web
Treadclimber,CAM37443 dosg2tsl24,,1/28/2016,1/25/2016,4,Online Search,Web
Treadclimber,CAM37443 dosg2tsl24,1/29/2016,1/29/2016,1/25/2016,2,Online Search,Web
Treadclimber,CAM37443 dosg2tsl24,2/2/2016,1/29/2016,1/25/2016,1,Online Search,Web
Treadclimber,CAM37443 dosg2tsl24,,1/29/2016,1/25/2016,3,Online Search,Web
Treadclimber,CAM37443 dosg2tsl24,1/30/2016,1/30/2016,1/25/2016,2,Online Search,Web
Treadclimber,CAM37443 dosg2tsl24,,1/30/2016,1/25/2016,4,Online Search,Web
Treadclimber,CAM37443 dosg2tsl24,1/31/2016,1/31/2016,1/25/2016,1,Online Search,Web
Treadclimber,CAM37443 dosg2tsl24,,1/31/2016,1/25/2016,1,Online Search,Web
Treadclimber,CAM37492 dosbitsl5,1/25/2016,1/25/2016,1/25/2016,2,Online Search,Web
Treadclimber,CAM37492 dosbitsl5,1/26/2016,1/26/2016,1/25/2016,4,Online Search,Web
Treadclimber,CAM37492 dosbitsl5,1/27/2016,1/27/2016,1/25/2016,7,Online Search,Web
Treadclimber,CAM37492 dosbitsl5,1/28/2016,1/28/2016,1/25/2016,3,Online Search,Web
Treadclimber,CAM37492 dosbitsl5,1/29/2016,1/29/2016,1/25/2016,3,Online Search,Web
Treadclimber,CAM37492 dosbitsl5,1/30/2016,1/30/2016,1/25/2016,3,Online Search,Web
Treadclimber,CAM37492 dosbitsl5,1/31/2016,1/31/2016,1/25/2016,4,Online Search,Web
Treadclimber,CAM37493 dosbitsl6,,1/25/2016,1/25/2016,1,Online Search,Web
Treadclimber,CAM37493 dosbitsl6,,1/26/2016,1/25/2016,2,Online Search,Web
Treadclimber,CAM37493 dosbitsl6,1/29/2016,1/29/2016,1/25/2016,1,Online Search,Web
Treadclimber,CAM37494 dosbitsl7,,1/25/2016,1/25/2016,2,Online Search,Web
Treadclimber,CAM37494 dosbitsl7,,1/26/2016,1/25/2016,1,Online Search,Web
Treadclimber,CAM37494 dosbitsl7,,1/29/2016,1/25/2016,1,Online Search,Web
Treadclimber,CAM37494 dosbitsl7,,1/30/2016,1/25/2016,2,Online Search,Web
Treadclimber,CAM37494 dosbitsl7,,1/31/2016,1/25/2016,2,Online Search,Web
Treadclimber,CAM37495 dosbitsl8,1/25/2016,1/25/2016,1/25/2016,1,Online Search,Web
Treadclimber,CAM37495 dosbitsl8,1/30/2016,1/30/2016,1/25/2016,1,Online Search,Web
Treadclimber,CAM37495 dosbitsl8,1/31/2016,1/31/2016,1/25/2016,1,Online Search,Web
Treadclimber,CAM37655 dosbitsl10,1/25/2016,1/25/2016,1/25/2016,5,Online Search,Web
Treadclimber,CAM37655 dosbitsl10,2/11/2016,1/25/2016,1/25/2016,1,Online Search,Web
Treadclimber,CAM37655 dosbitsl10,,1/25/2016,1/25/2016,12,Online Search,Web
Treadclimber,CAM37655 dosbitsl10,1/26/2016,1/26/2016,1/25/2016,5,Online Search,Web
Treadclimber,CAM37655 dosbitsl10,,1/26/2016,1/25/2016,9,Online Search,Web
Treadclimber,CAM37655 dosbitsl10,1/27/2016,1/27/2016,1/25/2016,6,Online Search,Web
Treadclimber,CAM37655 dosbitsl10,,1/27/2016,1/25/2016,7,Online Search,Web
Treadclimber,CAM37655 dosbitsl10,1/28/2016,1/28/2016,1/25/2016,5,Online Search,Web
Treadclimber,CAM37655 dosbitsl10,,1/28/2016,1/25/2016,7,Online Search,Web
Treadclimber,CAM37655 dosbitsl10,1/29/2016,1/29/2016,1/25/2016,1,Online Search,Web
Treadclimber,CAM37655 dosbitsl10,,1/29/2016,1/25/2016,10,Online Search,Web
Treadclimber,CAM37655 dosbitsl10,1/30/2016,1/30/2016,1/25/2016,3,Online Search,Web
Treadclimber,CAM37655 dosbitsl10,,1/30/2016,1/25/2016,7,Online Search,Web
Treadclimber,CAM37655 dosbitsl10,1/31/2016,1/31/2016,1/25/2016,6,Online Search,Web
Treadclimber,CAM37655 dosbitsl10,2/6/2016,1/31/2016,1/25/2016,1,Online Search,Web
Treadclimber,CAM37655 dosbitsl10,2/8/2016,1/31/2016,1/25/2016,1,Online Search,Web
Treadclimber,CAM37655 dosbitsl10,,1/31/2016,1/25/2016,14,Online Search,Web
Bowflex Home Gyms,CAM37730 dosbigsl9,,1/27/2016,1/25/2016,1,Online Search,Web
Bowflex Selecttech Dumbbells,CAM37741 dosbidsl9,,1/26/2016,1/25/2016,1,Online Search,Web
Bowflex Selecttech Dumbbells,CAM37741 dosbidsl9,,1/27/2016,1/25/2016,1,Online Search,Web
Bowflex Selecttech Dumbbells,CAM37741 dosbidsl9,,1/30/2016,1/25/2016,1,Online Search,Web
Bowflex Selecttech Dumbbells,CAM37741 dosbidsl9,,1/31/2016,1/25/2016,1,Online Search,Web
Bowflex Home Gyms,CAM37743 dosbigsl6,1/25/2016,1/25/2016,1/25/2016,1,Online Search,Web
Bowflex Home Gyms,CAM37743 dosbigsl6,1/31/2016,1/31/2016,1/25/2016,1,Online Search,Web
Treadclimber,CAM38842 dosg2tsl27,1/25/2016,1/25/2016,1/25/2016,15,Online Search,Web
Treadclimber,CAM38842 dosg2tsl27,2/7/2016,1/25/2016,1/25/2016,1,Online Search,Web
Treadclimber,CAM38842 dosg2tsl27,1/26/2016,1/26/2016,1/25/2016,9,Online Search,Web
Treadclimber,CAM38842 dosg2tsl27,1/27/2016,1/27/2016,1/25/2016,14,Online Search,Web
Treadclimber,CAM38842 dosg2tsl27,,1/27/2016,1/25/2016,1,Online Search,Web
Treadclimber,CAM38842 dosg2tsl27,1/28/2016,1/28/2016,1/25/2016,9,Online Search,Web
Treadclimber,CAM38842 dosg2tsl27,1/29/2016,1/29/2016,1/25/2016,14,Online Search,Web
Treadclimber,CAM38842 dosg2tsl27,1/30/2016,1/30/2016,1/25/2016,20,Online Search,Web
Treadclimber,CAM38842 dosg2tsl27,1/31/2016,1/31/2016,1/25/2016,19,Online Search,Web
Bowflex Home Gyms,CAM39211 dosbigsl12,1/28/2016,1/28/2016,1/25/2016,2,Online Search,Web
Bowflex Home Gyms,CAM39211 dosbigsl12,,1/31/2016,1/25/2016,1,Online Search,Web
Bowflex Selecttech Dumbbells,CAM39439 dosbidgl1st,1/25/2016,1/25/2016,1/25/2016,1,Online Search,Web
Bowflex Selecttech Dumbbells,CAM39439 dosbidgl1st,,1/25/2016,1/25/2016,3,Online Search,Web
Bowflex Selecttech Dumbbells,CAM39439 dosbidgl1st,,1/26/2016,1/25/2016,5,Online Search,Web
Bowflex Selecttech Dumbbells,CAM39439 dosbidgl1st,,1/27/2016,1/25/2016,2,Online Search,Web
Bowflex Home Gyms,CAM39439 dosbidgl1st,,1/28/2016,1/25/2016,1,Online Search,Web
Bowflex Selecttech Dumbbells,CAM39439 dosbidgl1st,,1/28/2016,1/25/2016,2,Online Search,Web
Bowflex Selecttech Dumbbells,CAM39439 dosbidgl1st,1/29/2016,1/29/2016,1/25/2016,1,Online Search,Web
Bowflex Selecttech Dumbbells,CAM39439 dosbidgl1st,,1/29/2016,1/25/2016,1,Online Search,Web
Bowflex Selecttech Dumbbells,CAM39439 dosbidgl1st,,1/30/2016,1/25/2016,3,Online Search,Web
Bowflex Selecttech Dumbbells,CAM39439 dosbidgl1st,,1/31/2016,1/25/2016,3,Online Search,Web
Bowflex Home Gyms,CAM39440 dosbiggl1bf,1/25/2016,1/25/2016,1/25/2016,1,Online Search,Web
Bowflex Body,CAM39440 dosbiggl1bf,,1/25/2016,1/25/2016,1,Online Search,Web
Bowflex Home Gyms,CAM39440 dosbiggl1bf,1/26/2016,1/26/2016,1/25/2016,3,Online Search,Web
Bowflex Home Gyms,CAM39440 dosbiggl1bf,,1/26/2016,1/25/2016,2,Online Search,Web
Bowflex Home Gyms,CAM39440 dosbiggl1bf,1/27/2016,1/27/2016,1/25/2016,1,Online Search,Web
Bowflex Home Gyms,CAM39440 dosbiggl1bf,,1/27/2016,1/25/2016,4,Online Search,Web
Bowflex Revolution,CAM39440 dosbiggl1bf,,1/27/2016,1/25/2016,1,Online Search,Web
Bowflex Home Gyms,CAM39440 dosbiggl1bf,1/28/2016,1/28/2016,1/25/2016,3,Online Search,Web
Bowflex Home Gyms,CAM39440 dosbiggl1bf,,1/28/2016,1/25/2016,1,Online Search,Web
Bowflex Home Gyms,CAM39440 dosbiggl1bf,1/29/2016,1/29/2016,1/25/2016,2,Online Search,Web
Bowflex Home Gyms,CAM39440 dosbiggl1bf,,1/29/2016,1/25/2016,2,Online Search,Web
Bowflex Home Gyms,CAM39440 dosbiggl1bf,,1/30/2016,1/25/2016,2,Online Search,Web
Bowflex Selecttech Dumbbells,CAM39440 dosbiggl1bf,,1/30/2016,1/25/2016,1,Online Search,Web
Bowflex Home Gyms,CAM39440 dosbiggl1bf,1/31/2016,1/31/2016,1/25/2016,1,Online Search,Web
Bowflex Body,CAM39440 dosbiggl1bf,,1/31/2016,1/25/2016,1,Online Search,Web
Bowflex Home Gyms,CAM39440 dosbiggl1bf,,1/31/2016,1/25/2016,8,Online Search,Web
Bowflex Revolution,CAM39440 dosbiggl1bf,,1/31/2016,1/25/2016,2,Online Search,Web
Treadclimber,CAM39442 dosbitgl1tc,1/25/2016,1/25/2016,1/25/2016,1,Online Search,Web
Treadclimber,CAM39442 dosbitgl1tc,,1/25/2016,1/25/2016,3,Online Search,Web
Treadclimber,CAM39442 dosbitgl1tc,1/26/2016,1/26/2016,1/25/2016,2,Online Search,Web
Treadclimber,CAM39442 dosbitgl1tc,,1/26/2016,1/25/2016,4,Online Search,Web
Treadclimber,CAM39442 dosbitgl1tc,1/27/2016,1/27/2016,1/25/2016,2,Online Search,Web
Treadclimber,CAM39442 dosbitgl1tc,1/28/2016,1/27/2016,1/25/2016,1,Online Search,Web
Treadclimber,CAM39442 dosbitgl1tc,,1/27/2016,1/25/2016,4,Online Search,Web
Treadclimber,CAM39442 dosbitgl1tc,1/28/2016,1/28/2016,1/25/2016,3,Online Search,Web
Treadclimber,CAM39442 dosbitgl1tc,,1/28/2016,1/25/2016,6,Online Search,Web
Treadclimber,CAM39442 dosbitgl1tc,1/29/2016,1/29/2016,1/25/2016,2,Online Search,Web
Bowflex Catalog,CAM39442 dosbitgl1tc,,1/29/2016,1/25/2016,1,Online Search,Web
Bowflex Home Gyms,CAM39442 dosbitgl1tc,,1/29/2016,1/25/2016,1,Online Search,Web
Treadclimber,CAM39442 dosbitgl1tc,,1/29/2016,1/25/2016,3,Online Search,Web
Treadclimber,CAM39442 dosbitgl1tc,1/30/2016,1/30/2016,1/25/2016,1,Online Search,Web
Treadclimber,CAM39442 dosbitgl1tc,1/31/2016,1/31/2016,1/25/2016,4,Online Search,Web
Treadclimber,CAM39442 dosbitgl1tc,,1/31/2016,1/25/2016,5,Online Search,Web
Treadclimber,CAM43666 dosg2tmobile4,1/25/2016,1/25/2016,1/25/2016,21,Online Search,Web
Treadclimber,CAM43666 dosg2tmobile4,,1/25/2016,1/25/2016,17,Online Search,Web
Treadclimber,CAM43666 dosg2tmobile4,1/26/2016,1/26/2016,1/25/2016,15,Online Search,Web
Treadclimber,CAM43666 dosg2tmobile4,,1/26/2016,1/25/2016,19,Online Search,Web
Treadclimber,CAM43666 dosg2tmobile4,1/27/2016,1/27/2016,1/25/2016,17,Online Search,Web
Treadclimber,CAM43666 dosg2tmobile4,,1/27/2016,1/25/2016,18,Online Search,Web
Treadclimber,CAM43666 dosg2tmobile4,1/28/2016,1/28/2016,1/25/2016,9,Online Search,Web
Treadclimber,CAM43666 dosg2tmobile4,,1/28/2016,1/25/2016,13,Online Search,Web
Treadclimber,CAM43666 dosg2tmobile4,1/29/2016,1/29/2016,1/25/2016,9,Online Search,Web
Treadclimber,CAM43666 dosg2tmobile4,,1/29/2016,1/25/2016,13,Online Search,Web
Treadclimber,CAM43666 dosg2tmobile4,1/30/2016,1/30/2016,1/25/2016,16,Online Search,Web
Treadclimber,CAM43666 dosg2tmobile4,,1/30/2016,1/25/2016,16,Online Search,Web
Treadclimber,CAM43666 dosg2tmobile4,1/31/2016,1/31/2016,1/25/2016,15,Online Search,Web
Treadclimber,CAM43666 dosg2tmobile4,,1/31/2016,1/25/2016,22,Online Search,Web
Treadclimber,CAM43683 dosbitsl14,1/25/2016,1/25/2016,1/25/2016,14,Online Search,Web
Treadclimber,CAM43683 dosbitsl14,,1/25/2016,1/25/2016,1,Online Search,Web
Treadclimber,CAM43683 dosbitsl14,1/26/2016,1/26/2016,1/25/2016,18,Online Search,Web
Treadclimber,CAM43683 dosbitsl14,,1/26/2016,1/25/2016,2,Online Search,Web
Treadclimber,CAM43683 dosbitsl14,1/27/2016,1/27/2016,1/25/2016,20,Online Search,Web
Treadclimber,CAM43683 dosbitsl14,,1/27/2016,1/25/2016,1,Online Search,Web
Treadclimber,CAM43683 dosbitsl14,1/28/2016,1/28/2016,1/25/2016,12,Online Search,Web
Treadclimber,CAM43683 dosbitsl14,,1/28/2016,1/25/2016,1,Online Search,Web
Treadclimber,CAM43683 dosbitsl14,1/29/2016,1/29/2016,1/25/2016,8,Online Search,Web
Treadclimber,CAM43683 dosbitsl14,,1/29/2016,1/25/2016,1,Online Search,Web
Treadclimber,CAM43683 dosbitsl14,1/30/2016,1/30/2016,1/25/2016,14,Online Search,Web
Treadclimber,CAM43683 dosbitsl14,,1/30/2016,1/25/2016,3,Online Search,Web
Treadclimber,CAM43683 dosbitsl14,1/31/2016,1/31/2016,1/25/2016,14,Online Search,Web
Treadclimber,CAM43683 dosbitsl14,2/6/2016,1/31/2016,1/25/2016,1,Online Search,Web
Treadclimber,CAM43683 dosbitsl14,2/11/2016,1/31/2016,1/25/2016,1,Online Search,Web
Treadclimber,CAM43683 dosbitsl14,,1/31/2016,1/25/2016,2,Online Search,Web
Treadclimber,CAM43804 dosg2tmobile6,1/25/2016,1/25/2016,1/25/2016,5,Online Search,Web
Treadclimber,CAM43804 dosg2tmobile6,,1/25/2016,1/25/2016,2,Online Search,Web
Treadclimber,CAM43804 dosg2tmobile6,1/26/2016,1/26/2016,1/25/2016,6,Online Search,Web
Treadclimber,CAM43804 dosg2tmobile6,,1/26/2016,1/25/2016,3,Online Search,Web
Treadclimber,CAM43804 dosg2tmobile6,1/27/2016,1/27/2016,1/25/2016,1,Online Search,Web
Treadclimber,CAM43804 dosg2tmobile6,,1/27/2016,1/25/2016,4,Online Search,Web
Treadclimber,CAM43804 dosg2tmobile6,1/28/2016,1/28/2016,1/25/2016,4,Online Search,Web
Treadclimber,CAM43804 dosg2tmobile6,,1/28/2016,1/25/2016,4,Online Search,Web
Treadclimber,CAM43804 dosg2tmobile6,1/29/2016,1/29/2016,1/25/2016,7,Online Search,Web
Treadclimber,CAM43804 dosg2tmobile6,,1/29/2016,1/25/2016,1,Online Search,Web
Treadclimber,CAM43804 dosg2tmobile6,1/30/2016,1/30/2016,1/25/2016,8,Online Search,Web
Treadclimber,CAM43804 dosg2tmobile6,,1/30/2016,1/25/2016,2,Online Search,Web
Treadclimber,CAM43804 dosg2tmobile6,1/31/2016,1/31/2016,1/25/2016,8,Online Search,Web
Treadclimber,CAM43804 dosg2tmobile6,,1/31/2016,1/25/2016,1,Online Search,Web
Treadclimber,CAM44065 SAWDOSG2TMOBILE2,,1/25/2016,1/25/2016,1,Online Search,Call Center Internal
Bowflex Max Trainer,CAM44065 SAWDOSG2TMOBILE2,,1/26/2016,1/25/2016,1,Online Search,Call Center Internal
Treadclimber,CAM44065 SAWDOSG2TMOBILE2,,1/26/2016,1/25/2016,3,Online Search,Call Center Internal
Bowflex Max Trainer,CAM44065 SAWDOSG2TMOBILE2,,1/27/2016,1/25/2016,1,Online Search,Call Center Internal
Treadclimber,CAM44065 SAWDOSG2TMOBILE2,,1/27/2016,1/25/2016,2,Online Search,Call Center Internal
Treadclimber,CAM44065 SAWDOSG2TMOBILE2,1/28/2016,1/28/2016,1/25/2016,2,Online Search,Call Center Internal
Treadclimber,CAM44065 SAWDOSG2TMOBILE2,1/29/2016,1/29/2016,1/25/2016,1,Online Search,Call Center Internal
Treadclimber,CAM44065 SAWDOSG2TMOBILE2,1/30/2016,1/30/2016,1/25/2016,3,Online Search,Call Center Internal
Treadclimber,CAM44065 SAWDOSG2TMOBILE2,,1/30/2016,1/25/2016,1,Online Search,Call Center Internal
Treadclimber,CAM44065 SAWDOSG2TMOBILE2,1/31/2016,1/31/2016,1/25/2016,1,Online Search,Call Center Internal
Treadclimber,CAM44065 SAWDOSG2TMOBILE2,,1/25/2016,1/25/2016,1,Online Search,Third Party Call Center - Evolve
Treadclimber,CAM44065 SAWDOSG2TMOBILE2,1/29/2016,1/29/2016,1/25/2016,1,Online Search,Third Party Call Center - Evolve
Treadclimber,CAM44108 dosbitsl13,1/25/2016,1/25/2016,1/25/2016,2,Online Search,Web
Treadclimber,CAM44108 dosbitsl13,1/26/2016,1/26/2016,1/25/2016,4,Online Search,Web
Treadclimber,CAM44108 dosbitsl13,1/27/2016,1/27/2016,1/25/2016,2,Online Search,Web
Treadclimber,CAM44108 dosbitsl13,1/28/2016,1/28/2016,1/25/2016,4,Online Search,Web
Treadclimber,CAM44108 dosbitsl13,,1/28/2016,1/25/2016,1,Online Search,Web
Treadclimber,CAM44108 dosbitsl13,1/29/2016,1/29/2016,1/25/2016,3,Online Search,Web
Treadclimber,CAM44108 dosbitsl13,1/30/2016,1/30/2016,1/25/2016,9,Online Search,Web
Treadclimber,CAM44108 dosbitsl13,1/31/2016,1/31/2016,1/25/2016,12,Online Search,Web
Treadclimber,CAM44130 dosbitsl12,1/25/2016,1/25/2016,1/25/2016,3,Online Search,Web
Treadclimber,CAM44130 dosbitsl12,,1/25/2016,1/25/2016,3,Online Search,Web
Treadclimber,CAM44130 dosbitsl12,1/26/2016,1/26/2016,1/25/2016,1,Online Search,Web
Treadclimber,CAM44130 dosbitsl12,1/27/2016,1/27/2016,1/25/2016,2,Online Search,Web
Treadclimber,CAM44130 dosbitsl12,1/28/2016,1/28/2016,1/25/2016,3,Online Search,Web
Treadclimber,CAM44130 dosbitsl12,1/29/2016,1/29/2016,1/25/2016,1,Online Search,Web
Treadclimber,CAM44130 dosbitsl12,,1/29/2016,1/25/2016,3,Online Search,Web
Treadclimber,CAM44130 dosbitsl12,1/31/2016,1/31/2016,1/25/2016,2,Online Search,Web
Bowflex Max Trainer,CAM44223 SAWDOSBIE,1/25/2016,1/25/2016,1/25/2016,3,Online Search,Call Center Internal
Bowflex Max Trainer,CAM44223 SAWDOSBIE,,1/25/2016,1/25/2016,4,Online Search,Call Center Internal
Bowflex Max Trainer,CAM44223 SAWDOSBIE,1/26/2016,1/26/2016,1/25/2016,1,Online Search,Call Center Internal
Bowflex Max Trainer,CAM44223 SAWDOSBIE,,1/26/2016,1/25/2016,1,Online Search,Call Center Internal
Treadclimber,CAM44223 SAWDOSBIE,,1/26/2016,1/25/2016,2,Online Search,Call Center Internal
Bowflex Max Trainer,CAM44223 SAWDOSBIE,,1/27/2016,1/25/2016,1,Online Search,Call Center Internal
Bowflex Max Trainer,CAM44223 SAWDOSBIE,,1/28/2016,1/25/2016,3,Online Search,Call Center Internal
Treadclimber,CAM44223 SAWDOSBIE,,1/28/2016,1/25/2016,3,Online Search,Call Center Internal
Bowflex Max Trainer,CAM44223 SAWDOSBIE,,1/29/2016,1/25/2016,4,Online Search,Call Center Internal
Treadclimber,CAM44223 SAWDOSBIE,,1/29/2016,1/25/2016,1,Online Search,Call Center Internal
Bowflex Max Trainer,CAM44223 SAWDOSBIE,1/30/2016,1/30/2016,1/25/2016,1,Online Search,Call Center Internal
Bowflex Max Trainer,CAM44223 SAWDOSBIE,,1/30/2016,1/25/2016,2,Online Search,Call Center Internal
Treadclimber,CAM44223 SAWDOSBIE,,1/30/2016,1/25/2016,1,Online Search,Call Center Internal
Bowflex Max Trainer,CAM44223 SAWDOSBIE,,1/31/2016,1/25/2016,6,Online Search,Call Center Internal
Treadclimber,CAM44223 SAWDOSBIE,,1/31/2016,1/25/2016,2,Online Search,Call Center Internal
Treadclimber,CAM44223 SAWDOSBIE,,1/25/2016,1/25/2016,1,Online Search,Third Party Call Center - Evolve
Bowflex Max Trainer,CAM44223 SAWDOSBIE,,1/26/2016,1/25/2016,1,Online Search,Third Party Call Center - Evolve
Bowflex Max Trainer,CAM44230 SAWDOSG2E,1/25/2016,1/25/2016,1/25/2016,3,Online Search,Call Center Internal
Bowflex Max Trainer,CAM44230 SAWDOSG2E,,1/25/2016,1/25/2016,10,Online Search,Call Center Internal
Treadclimber,CAM44230 SAWDOSG2E,,1/25/2016,1/25/2016,3,Online Search,Call Center Internal
Bowflex Max Trainer,CAM44230 SAWDOSG2E,1/26/2016,1/26/2016,1/25/2016,2,Online Search,Call Center Internal
Bowflex Max Trainer,CAM44230 SAWDOSG2E,,1/26/2016,1/25/2016,11,Online Search,Call Center Internal
Treadclimber,CAM44230 SAWDOSG2E,,1/26/2016,1/25/2016,5,Online Search,Call Center Internal
Bowflex Max Trainer,CAM44230 SAWDOSG2E,1/27/2016,1/27/2016,1/25/2016,2,Online Search,Call Center Internal
Bowflex Max Trainer,CAM44230 SAWDOSG2E,,1/27/2016,1/25/2016,7,Online Search,Call Center Internal
Treadclimber,CAM44230 SAWDOSG2E,,1/27/2016,1/25/2016,7,Online Search,Call Center Internal
Bowflex Max Trainer,CAM44230 SAWDOSG2E,,1/28/2016,1/25/2016,8,Online Search,Call Center Internal
Treadclimber,CAM44230 SAWDOSG2E,,1/28/2016,1/25/2016,6,Online Search,Call Center Internal
Bowflex Max Trainer,CAM44230 SAWDOSG2E,1/29/2016,1/29/2016,1/25/2016,3,Online Search,Call Center Internal
Bowflex Max Trainer,CAM44230 SAWDOSG2E,,1/29/2016,1/25/2016,5,Online Search,Call Center Internal
Bowflex Selecttech Dumbbells,CAM44230 SAWDOSG2E,,1/29/2016,1/25/2016,3,Online Search,Call Center Internal
Treadclimber,CAM44230 SAWDOSG2E,,1/29/2016,1/25/2016,3,Online Search,Call Center Internal
Bowflex Max Trainer,CAM44230 SAWDOSG2E,1/30/2016,1/30/2016,1/25/2016,5,Online Search,Call Center Internal
Bowflex Max Trainer,CAM44230 SAWDOSG2E,,1/30/2016,1/25/2016,7,Online Search,Call Center Internal
Treadclimber,CAM44230 SAWDOSG2E,,1/30/2016,1/25/2016,2,Online Search,Call Center Internal
Bowflex Max Trainer,CAM44230 SAWDOSG2E,,1/31/2016,1/25/2016,10,Online Search,Call Center Internal
Treadclimber,CAM44230 SAWDOSG2E,,1/31/2016,1/25/2016,5,Online Search,Call Center Internal
Bowflex Max Trainer,CAM44230 SAWDOSG2E,,1/25/2016,1/25/2016,1,Online Search,Third Party Call Center - Evolve
Bowflex Max Trainer,CAM44230 SAWDOSG2E,,1/26/2016,1/25/2016,2,Online Search,Third Party Call Center - Evolve
Treadclimber,CAM44230 SAWDOSG2E,,1/26/2016,1/25/2016,1,Online Search,Third Party Call Center - Evolve
Bowflex Max Trainer,CAM44230 SAWDOSG2E,1/27/2016,1/27/2016,1/25/2016,1,Online Search,Third Party Call Center - Evolve
Bowflex Max Trainer,CAM44230 SAWDOSG2E,1/28/2016,1/28/2016,1/25/2016,1,Online Search,Third Party Call Center - Evolve
Bowflex Max Trainer,CAM44230 SAWDOSG2E,,1/28/2016,1/25/2016,1,Online Search,Third Party Call Center - Evolve
Bowflex Max Trainer,CAM44230 SAWDOSG2E,,1/29/2016,1/25/2016,2,Online Search,Third Party Call Center - Evolve
Treadclimber,CAM44230 SAWDOSG2E,,1/29/2016,1/25/2016,1,Online Search,Third Party Call Center - Evolve
Bowflex Max Trainer,CAM44230 SAWDOSG2E,1/30/2016,1/30/2016,1/25/2016,1,Online Search,Third Party Call Center - Evolve
Bowflex Max Trainer,CAM44230 SAWDOSG2E,1/31/2016,1/31/2016,1/25/2016,3,Online Search,Third Party Call Center - Evolve
Bowflex Max Trainer,CAM44230 SAWDOSG2E,,1/31/2016,1/25/2016,1,Online Search,Third Party Call Center - Evolve
Bowflex Max Trainer,CAM44428 SAWDOSG2EMOBILE,,1/28/2016,1/25/2016,1,Online Search,Call Center Internal
Bowflex Max Trainer,CAM44428 SAWDOSG2EMOBILE,1/30/2016,1/30/2016,1/25/2016,1,Online Search,Call Center Internal
Treadclimber,CAM44428 SAWDOSG2EMOBILE,,1/30/2016,1/25/2016,1,Online Search,Call Center Internal
Bowflex Max Trainer,CAM44429 dosbiesl1,1/25/2016,1/25/2016,1/25/2016,18,Online Search,Web
Bowflex Max Trainer,CAM44429 dosbiesl1,1/26/2016,1/25/2016,1/25/2016,1,Online Search,Web
Bowflex Max Trainer,CAM44429 dosbiesl1,,1/25/2016,1/25/2016,40,Online Search,Web
Treadclimber,CAM44429 dosbiesl1,,1/25/2016,1/25/2016,3,Online Search,Web
Bowflex Max Trainer,CAM44429 dosbiesl1,1/26/2016,1/26/2016,1/25/2016,31,Online Search,Web
Bowflex Max Trainer,CAM44429 dosbiesl1,1/27/2016,1/26/2016,1/25/2016,1,Online Search,Web
Bowflex Max Trainer,CAM44429 dosbiesl1,1/31/2016,1/26/2016,1/25/2016,1,Online Search,Web
Bowflex Max Trainer,CAM44429 dosbiesl1,,1/26/2016,1/25/2016,28,Online Search,Web
Treadclimber,CAM44429 dosbiesl1,,1/26/2016,1/25/2016,3,Online Search,Web
Bowflex Max Trainer,CAM44429 dosbiesl1,1/27/2016,1/27/2016,1/25/2016,26,Online Search,Web
Bowflex Max Trainer,CAM44429 dosbiesl1,,1/27/2016,1/25/2016,30,Online Search,Web
Treadclimber,CAM44429 dosbiesl1,,1/27/2016,1/25/2016,2,Online Search,Web
Bowflex Max Trainer,CAM44429 dosbiesl1,1/28/2016,1/28/2016,1/25/2016,12,Online Search,Web
Bowflex Max Trainer,CAM44429 dosbiesl1,1/29/2016,1/28/2016,1/25/2016,1,Online Search,Web
Bowflex Max Trainer,CAM44429 dosbiesl1,,1/28/2016,1/25/2016,14,Online Search,Web
Treadclimber,CAM44429 dosbiesl1,,1/28/2016,1/25/2016,3,Online Search,Web
Bowflex Max Trainer,CAM44429 dosbiesl1,1/29/2016,1/29/2016,1/25/2016,17,Online Search,Web
Bowflex Max Trainer,CAM44429 dosbiesl1,1/30/2016,1/29/2016,1/25/2016,1,Online Search,Web
Bowflex Max Trainer,CAM44429 dosbiesl1,,1/29/2016,1/25/2016,29,Online Search,Web
Treadclimber,CAM44429 dosbiesl1,,1/29/2016,1/25/2016,7,Online Search,Web
Bowflex Max Trainer,CAM44429 dosbiesl1,1/30/2016,1/30/2016,1/25/2016,14,Online Search,Web
Bowflex Max Trainer,CAM44429 dosbiesl1,,1/30/2016,1/25/2016,32,Online Search,Web
Treadclimber,CAM44429 dosbiesl1,,1/30/2016,1/25/2016,1,Online Search,Web
Bowflex Max Trainer,CAM44429 dosbiesl1,1/31/2016,1/31/2016,1/25/2016,23,Online Search,Web
Bowflex Max Trainer,CAM44429 dosbiesl1,,1/31/2016,1/25/2016,31,Online Search,Web
Treadclimber,CAM44429 dosbiesl1,,1/31/2016,1/25/2016,4,Online Search,Web
Bowflex Selecttech Dumbbells,CAM44435 dosg2egl1mx,,1/25/2016,1/25/2016,1,Online Search,Call Center Internal
Treadclimber,CAM44435 dosg2egl1mx,,1/31/2016,1/25/2016,1,Online Search,Call Center Internal
Bowflex Max Trainer,CAM44435 dosg2egl1mx,1/25/2016,1/25/2016,1/25/2016,22,Online Search,Web
Bowflex Max Trainer,CAM44435 dosg2egl1mx,,1/25/2016,1/25/2016,36,Online Search,Web
Treadclimber,CAM44435 dosg2egl1mx,,1/25/2016,1/25/2016,4,Online Search,Web
Bowflex Max Trainer,CAM44435 dosg2egl1mx,1/26/2016,1/26/2016,1/25/2016,16,Online Search,Web
Bowflex Max Trainer,CAM44435 dosg2egl1mx,,1/26/2016,1/25/2016,40,Online Search,Web
Treadclimber,CAM44435 dosg2egl1mx,,1/26/2016,1/25/2016,4,Online Search,Web
Bowflex Max Trainer,CAM44435 dosg2egl1mx,1/27/2016,1/27/2016,1/25/2016,11,Online Search,Web
Bowflex Max Trainer,CAM44435 dosg2egl1mx,1/28/2016,1/27/2016,1/25/2016,2,Online Search,Web
Bowflex Body,CAM44435 dosg2egl1mx,,1/27/2016,1/25/2016,1,Online Search,Web
Bowflex Max Trainer,CAM44435 dosg2egl1mx,,1/27/2016,1/25/2016,35,Online Search,Web
Treadclimber,CAM44435 dosg2egl1mx,,1/27/2016,1/25/2016,4,Online Search,Web
Bowflex Max Trainer,CAM44435 dosg2egl1mx,1/28/2016,1/28/2016,1/25/2016,15,Online Search,Web
Bowflex Max Trainer,CAM44435 dosg2egl1mx,,1/28/2016,1/25/2016,36,Online Search,Web
Treadclimber,CAM44435 dosg2egl1mx,,1/28/2016,1/25/2016,5,Online Search,Web
Bowflex Max Trainer,CAM44435 dosg2egl1mx,1/29/2016,1/29/2016,1/25/2016,12,Online Search,Web
Bowflex Max Trainer,CAM44435 dosg2egl1mx,2/1/2016,1/29/2016,1/25/2016,1,Online Search,Web
Bowflex Max Trainer,CAM44435 dosg2egl1mx,,1/29/2016,1/25/2016,29,Online Search,Web
Treadclimber,CAM44435 dosg2egl1mx,,1/29/2016,1/25/2016,3,Online Search,Web
Bowflex Max Trainer,CAM44435 dosg2egl1mx,1/30/2016,1/30/2016,1/25/2016,23,Online Search,Web
Bowflex Max Trainer,CAM44435 dosg2egl1mx,1/31/2016,1/30/2016,1/25/2016,1,Online Search,Web
Bowflex Max Trainer,CAM44435 dosg2egl1mx,,1/30/2016,1/25/2016,45,Online Search,Web
Treadclimber,CAM44435 dosg2egl1mx,,1/30/2016,1/25/2016,4,Online Search,Web
Bowflex Max Trainer,CAM44435 dosg2egl1mx,1/31/2016,1/31/2016,1/25/2016,15,Online Search,Web
Bowflex Max Trainer,CAM44435 dosg2egl1mx,,1/31/2016,1/25/2016,52,Online Search,Web
Treadclimber,CAM44435 dosg2egl1mx,,1/31/2016,1/25/2016,7,Online Search,Web
Bowflex Max Trainer,CAM44436 dosg2esl2,1/25/2016,1/25/2016,1/25/2016,35,Online Search,Web
Bowflex Max Trainer,CAM44436 dosg2esl2,1/26/2016,1/26/2016,1/25/2016,28,Online Search,Web
Bowflex Max Trainer,CAM44436 dosg2esl2,2/12/2016,1/26/2016,1/25/2016,1,Online Search,Web
Bowflex Max Trainer,CAM44436 dosg2esl2,1/27/2016,1/27/2016,1/25/2016,32,Online Search,Web
Bowflex Max Trainer,CAM44436 dosg2esl2,1/28/2016,1/28/2016,1/25/2016,27,Online Search,Web
Bowflex Max Trainer,CAM44436 dosg2esl2,,1/28/2016,1/25/2016,2,Online Search,Web
Bowflex Max Trainer,CAM44436 dosg2esl2,1/29/2016,1/29/2016,1/25/2016,25,Online Search,Web
Bowflex Max Trainer,CAM44436 dosg2esl2,1/30/2016,1/29/2016,1/25/2016,1,Online Search,Web
Bowflex Max Trainer,CAM44436 dosg2esl2,2/4/2016,1/29/2016,1/25/2016,1,Online Search,Web
Bowflex Max Trainer,CAM44436 dosg2esl2,2/10/2016,1/29/2016,1/25/2016,1,Online Search,Web
Bowflex Max Trainer,CAM44436 dosg2esl2,1/30/2016,1/30/2016,1/25/2016,42,Online Search,Web
Bowflex Max Trainer,CAM44436 dosg2esl2,,1/30/2016,1/25/2016,1,Online Search,Web
Bowflex Max Trainer,CAM44436 dosg2esl2,1/31/2016,1/31/2016,1/25/2016,45,Online Search,Web
Bowflex Max Trainer,CAM44436 dosg2esl2,2/7/2016,1/31/2016,1/25/2016,1,Online Search,Web
Bowflex Max Trainer,CAM44436 dosg2esl2,2/8/2016,1/31/2016,1/25/2016,1,Online Search,Web
Bowflex Catalog,CAM44497 dosg2esl1,,1/27/2016,1/25/2016,1,Online Search,Call Center Internal
Treadclimber,CAM44497 dosg2esl1,,1/27/2016,1/25/2016,1,Online Search,Call Center Internal
Bowflex Max Trainer,CAM44497 dosg2esl1,1/25/2016,1/25/2016,1/25/2016,34,Online Search,Web
Bowflex Max Trainer,CAM44497 dosg2esl1,2/1/2016,1/25/2016,1/25/2016,2,Online Search,Web
Bowflex Max Trainer,CAM44497 dosg2esl1,,1/25/2016,1/25/2016,69,Online Search,Web
Treadclimber,CAM44497 dosg2esl1,,1/25/2016,1/25/2016,1,Online Search,Web
Bowflex Max Trainer,CAM44497 dosg2esl1,1/26/2016,1/26/2016,1/25/2016,34,Online Search,Web
Bowflex Max Trainer,CAM44497 dosg2esl1,1/27/2016,1/26/2016,1/25/2016,1,Online Search,Web
Bowflex Max Trainer,CAM44497 dosg2esl1,1/28/2016,1/26/2016,1/25/2016,1,Online Search,Web
Bowflex Max Trainer,CAM44497 dosg2esl1,2/4/2016,1/26/2016,1/25/2016,1,Online Search,Web
Bowflex Max Trainer,CAM44497 dosg2esl1,,1/26/2016,1/25/2016,61,Online Search,Web
Treadclimber,CAM44497 dosg2esl1,,1/26/2016,1/25/2016,3,Online Search,Web
Bowflex Max Trainer,CAM44497 dosg2esl1,1/27/2016,1/27/2016,1/25/2016,33,Online Search,Web
Bowflex Max Trainer,CAM44497 dosg2esl1,1/29/2016,1/27/2016,1/25/2016,1,Online Search,Web
Bowflex Max Trainer,CAM44497 dosg2esl1,2/5/2016,1/27/2016,1/25/2016,1,Online Search,Web
Bowflex Body,CAM44497 dosg2esl1,,1/27/2016,1/25/2016,1,Online Search,Web
Bowflex Catalog,CAM44497 dosg2esl1,,1/27/2016,1/25/2016,1,Online Search,Web
Bowflex Max Trainer,CAM44497 dosg2esl1,,1/27/2016,1/25/2016,61,Online Search,Web
Treadclimber,CAM44497 dosg2esl1,,1/27/2016,1/25/2016,13,Online Search,Web
Bowflex Max Trainer,CAM44497 dosg2esl1,1/28/2016,1/28/2016,1/25/2016,39,Online Search,Web
Bowflex Max Trainer,CAM44497 dosg2esl1,2/6/2016,1/28/2016,1/25/2016,1,Online Search,Web
Bowflex Max Trainer,CAM44497 dosg2esl1,2/8/2016,1/28/2016,1/25/2016,1,Online Search,Web
Bowflex Max Trainer,CAM44497 dosg2esl1,2/15/2016,1/28/2016,1/25/2016,1,Online Search,Web
Bowflex Max Trainer,CAM44497 dosg2esl1,,1/28/2016,1/25/2016,57,Online Search,Web
Treadclimber,CAM44497 dosg2esl1,,1/28/2016,1/25/2016,5,Online Search,Web
Bowflex Max Trainer,CAM44497 dosg2esl1,1/29/2016,1/29/2016,1/25/2016,35,Online Search,Web
Bowflex Max Trainer,CAM44497 dosg2esl1,2/18/2016,1/29/2016,1/25/2016,1,Online Search,Web
Bowflex Max Trainer,CAM44497 dosg2esl1,2/27/2016,1/29/2016,1/25/2016,1,Online Search,Web
Bowflex Body,CAM44497 dosg2esl1,,1/29/2016,1/25/2016,2,Online Search,Web
Bowflex Catalog,CAM44497 dosg2esl1,,1/29/2016,1/25/2016,1,Online Search,Web
Bowflex Max Trainer,CAM44497 dosg2esl1,,1/29/2016,1/25/2016,46,Online Search,Web
Treadclimber,CAM44497 dosg2esl1,,1/29/2016,1/25/2016,4,Online Search,Web
Bowflex Max Trainer,CAM44497 dosg2esl1,1/30/2016,1/30/2016,1/25/2016,41,Online Search,Web
Bowflex Catalog,CAM44497 dosg2esl1,,1/30/2016,1/25/2016,1,Online Search,Web
Bowflex Max Trainer,CAM44497 dosg2esl1,,1/30/2016,1/25/2016,72,Online Search,Web
Treadclimber,CAM44497 dosg2esl1,,1/30/2016,1/25/2016,12,Online Search,Web
Bowflex Max Trainer,CAM44497 dosg2esl1,1/31/2016,1/31/2016,1/25/2016,61,Online Search,Web
Bowflex Max Trainer,CAM44497 dosg2esl1,2/8/2016,1/31/2016,1/25/2016,1,Online Search,Web
Bowflex Body,CAM44497 dosg2esl1,,1/31/2016,1/25/2016,2,Online Search,Web
Bowflex Max Trainer,CAM44497 dosg2esl1,,1/31/2016,1/25/2016,98,Online Search,Web
Treadclimber,CAM44497 dosg2esl1,,1/31/2016,1/25/2016,17,Online Search,Web
Bowflex Max Trainer,CAM44520 dosbiegl1mx,1/25/2016,1/25/2016,1/25/2016,8,Online Search,Web
Bowflex Max Trainer,CAM44520 dosbiegl1mx,,1/25/2016,1/25/2016,10,Online Search,Web
Treadclimber,CAM44520 dosbiegl1mx,,1/25/2016,1/25/2016,1,Online Search,Web
Bowflex Max Trainer,CAM44520 dosbiegl1mx,1/26/2016,1/26/2016,1/25/2016,7,Online Search,Web
Bowflex Max Trainer,CAM44520 dosbiegl1mx,,1/26/2016,1/25/2016,12,Online Search,Web
Bowflex Max Trainer,CAM44520 dosbiegl1mx,1/27/2016,1/27/2016,1/25/2016,3,Online Search,Web
Bowflex Max Trainer,CAM44520 dosbiegl1mx,,1/27/2016,1/25/2016,14,Online Search,Web
Treadclimber,CAM44520 dosbiegl1mx,,1/27/2016,1/25/2016,1,Online Search,Web
Bowflex Max Trainer,CAM44520 dosbiegl1mx,1/28/2016,1/28/2016,1/25/2016,4,Online Search,Web
Bowflex Max Trainer,CAM44520 dosbiegl1mx,,1/28/2016,1/25/2016,9,Online Search,Web
Treadclimber,CAM44520 dosbiegl1mx,,1/28/2016,1/25/2016,1,Online Search,Web
Bowflex Max Trainer,CAM44520 dosbiegl1mx,1/29/2016,1/29/2016,1/25/2016,8,Online Search,Web
Bowflex Max Trainer,CAM44520 dosbiegl1mx,,1/29/2016,1/25/2016,12,Online Search,Web
Treadclimber,CAM44520 dosbiegl1mx,,1/29/2016,1/25/2016,1,Online Search,Web
Bowflex Max Trainer,CAM44520 dosbiegl1mx,1/30/2016,1/30/2016,1/25/2016,3,Online Search,Web
Bowflex Max Trainer,CAM44520 dosbiegl1mx,2/5/2016,1/30/2016,1/25/2016,1,Online Search,Web
Bowflex Max Trainer,CAM44520 dosbiegl1mx,,1/30/2016,1/25/2016,21,Online Search,Web
Treadclimber,CAM44520 dosbiegl1mx,,1/30/2016,1/25/2016,6,Online Search,Web
Bowflex Max Trainer,CAM44520 dosbiegl1mx,1/31/2016,1/31/2016,1/25/2016,5,Online Search,Web
Bowflex Max Trainer,CAM44520 dosbiegl1mx,,1/31/2016,1/25/2016,20,Online Search,Web
Treadclimber,CAM44520 dosbiegl1mx,,1/31/2016,1/25/2016,3,Online Search,Web
Bowflex Max Trainer,CAM44531 dosbiesl2,1/25/2016,1/25/2016,1/25/2016,1,Online Search,Web
Bowflex Max Trainer,CAM44531 dosbiesl2,1/26/2016,1/26/2016,1/25/2016,1,Online Search,Web
Bowflex Max Trainer,CAM44531 dosbiesl2,1/27/2016,1/27/2016,1/25/2016,2,Online Search,Web
Bowflex Max Trainer,CAM44531 dosbiesl2,1/28/2016,1/28/2016,1/25/2016,2,Online Search,Web
Bowflex Max Trainer,CAM44531 dosbiesl2,1/29/2016,1/29/2016,1/25/2016,2,Online Search,Web
Bowflex Max Trainer,CAM44531 dosbiesl2,1/31/2016,1/31/2016,1/25/2016,4,Online Search,Web
Bowflex Max Trainer,CAM44539 SAWDOSG2EMOBILE2,1/25/2016,1/25/2016,1/25/2016,1,Online Search,Call Center Internal
Bowflex Max Trainer,CAM44539 SAWDOSG2EMOBILE2,,1/25/2016,1/25/2016,1,Online Search,Call Center Internal
Treadclimber,CAM44539 SAWDOSG2EMOBILE2,,1/25/2016,1/25/2016,1,Online Search,Call Center Internal
Bowflex Max Trainer,CAM44539 SAWDOSG2EMOBILE2,1/26/2016,1/26/2016,1/25/2016,4,Online Search,Call Center Internal
Bowflex Max Trainer,CAM44539 SAWDOSG2EMOBILE2,,1/26/2016,1/25/2016,4,Online Search,Call Center Internal
Treadclimber,CAM44539 SAWDOSG2EMOBILE2,,1/26/2016,1/25/2016,1,Online Search,Call Center Internal
Bowflex Max Trainer,CAM44539 SAWDOSG2EMOBILE2,1/27/2016,1/27/2016,1/25/2016,1,Online Search,Call Center Internal
Bowflex Max Trainer,CAM44539 SAWDOSG2EMOBILE2,2/7/2016,1/27/2016,1/25/2016,1,Online Search,Call Center Internal
Bowflex Max Trainer,CAM44539 SAWDOSG2EMOBILE2,,1/27/2016,1/25/2016,2,Online Search,Call Center Internal
Treadclimber,CAM44539 SAWDOSG2EMOBILE2,,1/27/2016,1/25/2016,1,Online Search,Call Center Internal
Bowflex Max Trainer,CAM44539 SAWDOSG2EMOBILE2,1/29/2016,1/29/2016,1/25/2016,1,Online Search,Call Center Internal
Bowflex Max Trainer,CAM44539 SAWDOSG2EMOBILE2,,1/29/2016,1/25/2016,1,Online Search,Call Center Internal
Treadclimber,CAM44539 SAWDOSG2EMOBILE2,,1/29/2016,1/25/2016,1,Online Search,Call Center Internal
Bowflex Max Trainer,CAM44539 SAWDOSG2EMOBILE2,1/30/2016,1/30/2016,1/25/2016,2,Online Search,Call Center Internal
Bowflex Max Trainer,CAM44539 SAWDOSG2EMOBILE2,,1/30/2016,1/25/2016,2,Online Search,Call Center Internal
Treadclimber,CAM44539 SAWDOSG2EMOBILE2,,1/30/2016,1/25/2016,1,Online Search,Call Center Internal
Bowflex Max Trainer,CAM44539 SAWDOSG2EMOBILE2,1/31/2016,1/31/2016,1/25/2016,6,Online Search,Call Center Internal
Bowflex Max Trainer,CAM44539 SAWDOSG2EMOBILE2,,1/31/2016,1/25/2016,4,Online Search,Call Center Internal
Treadclimber,CAM44539 SAWDOSG2EMOBILE2,,1/31/2016,1/25/2016,4,Online Search,Call Center Internal
Treadclimber,CAM44539 SAWDOSG2EMOBILE2,,1/28/2016,1/25/2016,1,Online Search,Third Party Call Center - Evolve
Bowflex Max Trainer,CAM44539 SAWDOSG2EMOBILE2,1/30/2016,1/30/2016,1/25/2016,1,Online Search,Third Party Call Center - Evolve
Bowflex Max Trainer,CAM44539 SAWDOSG2EMOBILE2,,1/30/2016,1/25/2016,1,Online Search,Third Party Call Center - Evolve
Treadclimber,CAM44539 SAWDOSG2EMOBILE2,,1/30/2016,1/25/2016,1,Online Search,Third Party Call Center - Evolve
Bowflex Max Trainer,CAM44539 SAWDOSG2EMOBILE2,1/31/2016,1/31/2016,1/25/2016,1,Online Search,Third Party Call Center - Evolve
Bowflex Max Trainer,CAM44543 dosbiesl3,1/29/2016,1/29/2016,1/25/2016,1,Online Search,Web
Bowflex Max Trainer,CAM44551 dosg2esl4,1/25/2016,1/25/2016,1/25/2016,1,Online Search,Web
Bowflex Max Trainer,CAM44551 dosg2esl4,,1/25/2016,1/25/2016,1,Online Search,Web
Bowflex Max Trainer,CAM44551 dosg2esl4,,1/26/2016,1/25/2016,1,Online Search,Web
Bowflex Max Trainer,CAM44551 dosg2esl4,1/27/2016,1/27/2016,1/25/2016,1,Online Search,Web
Bowflex Max Trainer,CAM44551 dosg2esl4,,1/27/2016,1/25/2016,1,Online Search,Web
Bowflex Max Trainer,CAM44551 dosg2esl4,,1/28/2016,1/25/2016,2,Online Search,Web
Bowflex Max Trainer,CAM44551 dosg2esl4,1/29/2016,1/29/2016,1/25/2016,1,Online Search,Web
Bowflex Max Trainer,CAM44551 dosg2esl4,1/30/2016,1/30/2016,1/25/2016,1,Online Search,Web
Bowflex Max Trainer,CAM44551 dosg2esl4,1/31/2016,1/31/2016,1/25/2016,1,Online Search,Web
Bowflex Max Trainer,CAM44551 dosg2esl4,,1/31/2016,1/25/2016,1,Online Search,Web
Treadclimber,CAM44551 dosg2esl4,,1/31/2016,1/25/2016,1,Online Search,Web
Bowflex Max Trainer,CAM44560 dosg2esl5,1/25/2016,1/25/2016,1/25/2016,2,Online Search,Web
Bowflex Max Trainer,CAM44560 dosg2esl5,,1/25/2016,1/25/2016,16,Online Search,Web
Bowflex Max Trainer,CAM44560 dosg2esl5,,1/26/2016,1/25/2016,18,Online Search,Web
Bowflex Max Trainer,CAM44560 dosg2esl5,,1/27/2016,1/25/2016,8,Online Search,Web
Bowflex Max Trainer,CAM44560 dosg2esl5,1/28/2016,1/28/2016,1/25/2016,2,Online Search,Web
Bowflex Max Trainer,CAM44560 dosg2esl5,,1/28/2016,1/25/2016,10,Online Search,Web
Bowflex Max Trainer,CAM44560 dosg2esl5,,1/29/2016,1/25/2016,17,Online Search,Web
Bowflex Max Trainer,CAM44560 dosg2esl5,1/30/2016,1/30/2016,1/25/2016,1,Online Search,Web
Bowflex Max Trainer,CAM44560 dosg2esl5,,1/30/2016,1/25/2016,12,Online Search,Web
Bowflex Max Trainer,CAM44560 dosg2esl5,,1/31/2016,1/25/2016,13,Online Search,Web
Treadclimber,CAM44560 dosg2esl5,,1/31/2016,1/25/2016,1,Online Search,Web
Bowflex Max Trainer,CAM44564 dosbiesl4,,1/25/2016,1/25/2016,1,Online Search,Web
Bowflex Max Trainer,CAM44564 dosbiesl4,1/27/2016,1/27/2016,1/25/2016,1,Online Search,Web
Bowflex Max Trainer,CAM44564 dosbiesl4,,1/28/2016,1/25/2016,1,Online Search,Web
Bowflex Max Trainer,CAM44564 dosbiesl4,1/29/2016,1/29/2016,1/25/2016,1,Online Search,Web
Bowflex Max Trainer,CAM44565 dosbiesl5,,1/25/2016,1/25/2016,4,Online Search,Web
Bowflex Max Trainer,CAM44565 dosbiesl5,,1/27/2016,1/25/2016,1,Online Search,Web
Bowflex Max Trainer,CAM44565 dosbiesl5,,1/28/2016,1/25/2016,1,Online Search,Web
Bowflex Max Trainer,CAM44565 dosbiesl5,,1/29/2016,1/25/2016,1,Online Search,Web
Bowflex Max Trainer,CAM44565 dosbiesl5,,1/30/2016,1/25/2016,2,Online Search,Web
Bowflex Max Trainer,CAM44565 dosbiesl5,,1/31/2016,1/25/2016,1,Online Search,Web
Bowflex Max Trainer,CAM44567 dosg2esl3,,1/25/2016,1/25/2016,2,Online Search,Web
Bowflex Max Trainer,CAM44567 dosg2esl3,,1/27/2016,1/25/2016,1,Online Search,Web
Bowflex Max Trainer,CAM44567 dosg2esl3,,1/28/2016,1/25/2016,1,Online Search,Web
Bowflex Max Trainer,CAM44567 dosg2esl3,1/29/2016,1/29/2016,1/25/2016,1,Online Search,Web
Bowflex Selecttech Dumbbells,CAM44678 dosg2dsl21,,1/26/2016,1/25/2016,1,Online Search,Web
Bowflex Selecttech Dumbbells,CAM44678 dosg2dsl21,,1/28/2016,1/25/2016,1,Online Search,Web
Bowflex Selecttech Dumbbells,CAM44678 dosg2dsl21,,1/29/2016,1/25/2016,1,Online Search,Web
Bowflex Selecttech Dumbbells,CAM44678 dosg2dsl21,1/31/2016,1/31/2016,1/25/2016,1,Online Search,Web
Bowflex Max Trainer,CAM44952 dosbieml1,1/25/2016,1/25/2016,1/25/2016,9,Online Search,Web
Bowflex Max Trainer,CAM44952 dosbieml1,,1/25/2016,1/25/2016,6,Online Search,Web
Bowflex Max Trainer,CAM44952 dosbieml1,1/26/2016,1/26/2016,1/25/2016,7,Online Search,Web
Bowflex Max Trainer,CAM44952 dosbieml1,,1/26/2016,1/25/2016,4,Online Search,Web
Bowflex Max Trainer,CAM44952 dosbieml1,1/27/2016,1/27/2016,1/25/2016,9,Online Search,Web
Bowflex Max Trainer,CAM44952 dosbieml1,2/8/2016,1/27/2016,1/25/2016,1,Online Search,Web
Bowflex Max Trainer,CAM44952 dosbieml1,,1/27/2016,1/25/2016,6,Online Search,Web
Bowflex Max Trainer,CAM44952 dosbieml1,1/28/2016,1/28/2016,1/25/2016,12,Online Search,Web
Bowflex Max Trainer,CAM44952 dosbieml1,,1/28/2016,1/25/2016,13,Online Search,Web
Bowflex Max Trainer,CAM44952 dosbieml1,1/29/2016,1/29/2016,1/25/2016,11,Online Search,Web
Bowflex Max Trainer,CAM44952 dosbieml1,1/30/2016,1/29/2016,1/25/2016,1,Online Search,Web
Bowflex Max Trainer,CAM44952 dosbieml1,,1/29/2016,1/25/2016,2,Online Search,Web
Bowflex Max Trainer,CAM44952 dosbieml1,1/30/2016,1/30/2016,1/25/2016,10,Online Search,Web
Bowflex Body,CAM44952 dosbieml1,,1/30/2016,1/25/2016,1,Online Search,Web
Bowflex Max Trainer,CAM44952 dosbieml1,,1/30/2016,1/25/2016,4,Online Search,Web
Treadclimber,CAM44952 dosbieml1,,1/30/2016,1/25/2016,1,Online Search,Web
Bowflex Max Trainer,CAM44952 dosbieml1,1/31/2016,1/31/2016,1/25/2016,10,Online Search,Web
Bowflex Max Trainer,CAM44952 dosbieml1,,1/31/2016,1/25/2016,7,Online Search,Web
Bowflex Max Trainer,CAM45009 dosg2eml1,,1/28/2016,1/25/2016,1,Online Search,Call Center Internal
Treadclimber,CAM45009 dosg2eml1,,1/28/2016,1/25/2016,1,Online Search,Call Center Internal
Bowflex Max Trainer,CAM45009 dosg2eml1,1/25/2016,1/25/2016,1/25/2016,53,Online Search,Web
Bowflex Max Trainer,CAM45009 dosg2eml1,1/28/2016,1/25/2016,1/25/2016,1,Online Search,Web
Bowflex Max Trainer,CAM45009 dosg2eml1,,1/25/2016,1/25/2016,41,Online Search,Web
Treadclimber,CAM45009 dosg2eml1,,1/25/2016,1/25/2016,1,Online Search,Web
Bowflex Max Trainer,CAM45009 dosg2eml1,1/26/2016,1/26/2016,1/25/2016,46,Online Search,Web
Bowflex Max Trainer,CAM45009 dosg2eml1,2/16/2016,1/26/2016,1/25/2016,1,Online Search,Web
Bowflex Max Trainer,CAM45009 dosg2eml1,,1/26/2016,1/25/2016,37,Online Search,Web
Bowflex Max Trainer,CAM45009 dosg2eml1,1/27/2016,1/27/2016,1/25/2016,43,Online Search,Web
Bowflex Max Trainer,CAM45009 dosg2eml1,1/31/2016,1/27/2016,1/25/2016,1,Online Search,Web
Bowflex Max Trainer,CAM45009 dosg2eml1,2/6/2016,1/27/2016,1/25/2016,1,Online Search,Web
Bowflex Max Trainer,CAM45009 dosg2eml1,,1/27/2016,1/25/2016,33,Online Search,Web
Treadclimber,CAM45009 dosg2eml1,,1/27/2016,1/25/2016,3,Online Search,Web
Bowflex Max Trainer,CAM45009 dosg2eml1,1/28/2016,1/28/2016,1/25/2016,32,Online Search,Web
Bowflex Max Trainer,CAM45009 dosg2eml1,2/5/2016,1/28/2016,1/25/2016,1,Online Search,Web
Bowflex Max Trainer,CAM45009 dosg2eml1,,1/28/2016,1/25/2016,55,Online Search,Web
Treadclimber,CAM45009 dosg2eml1,,1/28/2016,1/25/2016,2,Online Search,Web
Bowflex Max Trainer,CAM45009 dosg2eml1,1/29/2016,1/29/2016,1/25/2016,50,Online Search,Web
Bowflex Max Trainer,CAM45009 dosg2eml1,2/2/2016,1/29/2016,1/25/2016,1,Online Search,Web
Bowflex Max Trainer,CAM45009 dosg2eml1,2/6/2016,1/29/2016,1/25/2016,1,Online Search,Web
Bowflex Max Trainer,CAM45009 dosg2eml1,2/8/2016,1/29/2016,1/25/2016,1,Online Search,Web
Bowflex Max Trainer,CAM45009 dosg2eml1,,1/29/2016,1/25/2016,48,Online Search,Web
Treadclimber,CAM45009 dosg2eml1,,1/29/2016,1/25/2016,4,Online Search,Web
Bowflex Max Trainer,CAM45009 dosg2eml1,1/30/2016,1/30/2016,1/25/2016,53,Online Search,Web
Bowflex Max Trainer,CAM45009 dosg2eml1,,1/30/2016,1/25/2016,59,Online Search,Web
Treadclimber,CAM45009 dosg2eml1,,1/30/2016,1/25/2016,4,Online Search,Web
Bowflex Max Trainer,CAM45009 dosg2eml1,1/31/2016,1/31/2016,1/25/2016,67,Online Search,Web
Bowflex Max Trainer,CAM45009 dosg2eml1,2/1/2016,1/31/2016,1/25/2016,1,Online Search,Web
Bowflex Max Trainer,CAM45009 dosg2eml1,2/21/2016,1/31/2016,1/25/2016,1,Online Search,Web
Bowflex Max Trainer,CAM45009 dosg2eml1,2/22/2016,1/31/2016,1/25/2016,1,Online Search,Web
Bowflex Body,CAM45009 dosg2eml1,,1/31/2016,1/25/2016,1,Online Search,Web
Bowflex Catalog,CAM45009 dosg2eml1,,1/31/2016,1/25/2016,1,Online Search,Web
Bowflex Max Trainer,CAM45009 dosg2eml1,,1/31/2016,1/25/2016,71,Online Search,Web
Treadclimber,CAM45009 dosg2eml1,,1/31/2016,1/25/2016,7,Online Search,Web
Bowflex Max Trainer,CAM45628 ICAOSBCESL2,,1/31/2016,1/25/2016,1,Online Search,Web
Bowflex Max Trainer,CAM45729 DOSG2ESL6,,1/25/2016,1/25/2016,2,Online Search,Web
Bowflex Max Trainer,CAM45729 DOSG2ESL6,,1/26/2016,1/25/2016,4,Online Search,Web
Bowflex Max Trainer,CAM45729 DOSG2ESL6,,1/27/2016,1/25/2016,1,Online Search,Web
Treadclimber,CAM45729 DOSG2ESL6,,1/27/2016,1/25/2016,1,Online Search,Web
Bowflex Max Trainer,CAM45729 DOSG2ESL6,1/28/2016,1/28/2016,1/25/2016,1,Online Search,Web
Bowflex Max Trainer,CAM45729 DOSG2ESL6,,1/28/2016,1/25/2016,6,Online Search,Web
Bowflex Body,CAM45729 DOSG2ESL6,,1/29/2016,1/25/2016,1,Online Search,Web
Bowflex Max Trainer,CAM45729 DOSG2ESL6,,1/29/2016,1/25/2016,6,Online Search,Web
Bowflex Max Trainer,CAM45729 DOSG2ESL6,,1/30/2016,1/25/2016,5,Online Search,Web
Bowflex Max Trainer,CAM45729 DOSG2ESL6,,1/31/2016,1/25/2016,2,Online Search,Web
Bowflex Max Trainer,CAM45730 DOSG2ESL7,1/25/2016,1/25/2016,1/25/2016,3,Online Search,Web
Bowflex Catalog,CAM45730 DOSG2ESL7,,1/25/2016,1/25/2016,1,Online Search,Web
Bowflex Max Trainer,CAM45730 DOSG2ESL7,,1/25/2016,1/25/2016,8,Online Search,Web
Treadclimber,CAM45730 DOSG2ESL7,,1/25/2016,1/25/2016,1,Online Search,Web
Bowflex Max Trainer,CAM45730 DOSG2ESL7,1/26/2016,1/26/2016,1/25/2016,1,Online Search,Web
Bowflex Max Trainer,CAM45730 DOSG2ESL7,,1/26/2016,1/25/2016,8,Online Search,Web
Bowflex Max Trainer,CAM45730 DOSG2ESL7,1/27/2016,1/27/2016,1/25/2016,1,Online Search,Web
Bowflex Max Trainer,CAM45730 DOSG2ESL7,,1/27/2016,1/25/2016,8,Online Search,Web
Treadclimber,CAM45730 DOSG2ESL7,,1/27/2016,1/25/2016,2,Online Search,Web
Bowflex Max Trainer,CAM45730 DOSG2ESL7,,1/28/2016,1/25/2016,3,Online Search,Web
Bowflex Max Trainer,CAM45730 DOSG2ESL7,,1/29/2016,1/25/2016,6,Online Search,Web
Treadclimber,CAM45730 DOSG2ESL7,,1/29/2016,1/25/2016,2,Online Search,Web
Bowflex Max Trainer,CAM45730 DOSG2ESL7,1/30/2016,1/30/2016,1/25/2016,1,Online Search,Web
Bowflex Max Trainer,CAM45730 DOSG2ESL7,,1/30/2016,1/25/2016,1,Online Search,Web
Bowflex Max Trainer,CAM45730 DOSG2ESL7,1/31/2016,1/31/2016,1/25/2016,1,Online Search,Web
Bowflex Max Trainer,CAM45730 DOSG2ESL7,,1/31/2016,1/25/2016,6,Online Search,Web
Treadclimber,CAM45730 DOSG2ESL7,,1/31/2016,1/25/2016,1,Online Search,Web
Bowflex Max Trainer,CAM45731 DOSBIESL6,,1/25/2016,1/25/2016,1,Online Search,Web
Bowflex Max Trainer,CAM45731 DOSBIESL6,,1/26/2016,1/25/2016,3,Online Search,Web
Bowflex Max Trainer,CAM45731 DOSBIESL6,,1/27/2016,1/25/2016,2,Online Search,Web
Bowflex Max Trainer,CAM45731 DOSBIESL6,,1/30/2016,1/25/2016,1,Online Search,Web
Bowflex Max Trainer,CAM45731 DOSBIESL6,,1/31/2016,1/25/2016,1,Online Search,Web
Treadclimber,CAM45731 DOSBIESL6,,1/31/2016,1/25/2016,1,Online Search,Web
Bowflex Max Trainer,CAM45732 DOSBIESL7,,1/25/2016,1/25/2016,2,Online Search,Web
Bowflex Max Trainer,CAM45732 DOSBIESL7,,1/26/2016,1/25/2016,4,Online Search,Web
Bowflex Max Trainer,CAM45732 DOSBIESL7,1/27/2016,1/27/2016,1/25/2016,1,Online Search,Web
Bowflex Max Trainer,CAM45732 DOSBIESL7,,1/27/2016,1/25/2016,2,Online Search,Web
Bowflex Max Trainer,CAM45732 DOSBIESL7,,1/29/2016,1/25/2016,1,Online Search,Web
Bowflex Max Trainer,CAM45732 DOSBIESL7,,1/30/2016,1/25/2016,1,Online Search,Web
Bowflex Max Trainer,CAM45732 DOSBIESL7,,1/31/2016,1/25/2016,2,Online Search,Web
Treadclimber,CAM45732 DOSBIESL7,,1/31/2016,1/25/2016,1,Online Search,Web
Treadclimber,CAM45852 DOSG2TSL32,1/25/2016,1/25/2016,1/25/2016,15,Online Search,Web
Treadclimber,CAM45852 DOSG2TSL32,2/3/2016,1/25/2016,1/25/2016,1,Online Search,Web
Treadclimber,CAM45852 DOSG2TSL32,,1/25/2016,1/25/2016,2,Online Search,Web
Treadclimber,CAM45852 DOSG2TSL32,1/26/2016,1/26/2016,1/25/2016,15,Online Search,Web
Treadclimber,CAM45852 DOSG2TSL32,1/27/2016,1/27/2016,1/25/2016,21,Online Search,Web
Treadclimber,CAM45852 DOSG2TSL32,2/4/2016,1/27/2016,1/25/2016,1,Online Search,Web
Treadclimber,CAM45852 DOSG2TSL32,,1/27/2016,1/25/2016,1,Online Search,Web
Treadclimber,CAM45852 DOSG2TSL32,1/28/2016,1/28/2016,1/25/2016,17,Online Search,Web
Treadclimber,CAM45852 DOSG2TSL32,1/29/2016,1/29/2016,1/25/2016,11,Online Search,Web
Treadclimber,CAM45852 DOSG2TSL32,,1/29/2016,1/25/2016,2,Online Search,Web
Treadclimber,CAM45852 DOSG2TSL32,1/30/2016,1/30/2016,1/25/2016,12,Online Search,Web
Treadclimber,CAM45852 DOSG2TSL32,2/16/2016,1/30/2016,1/25/2016,1,Online Search,Web
Treadclimber,CAM45852 DOSG2TSL32,,1/30/2016,1/25/2016,1,Online Search,Web
Treadclimber,CAM45852 DOSG2TSL32,1/31/2016,1/31/2016,1/25/2016,33,Online Search,Web
Treadclimber,CAM45852 DOSG2TSL32,,1/31/2016,1/25/2016,6,Online Search,Web
Treadclimber,CAM46146 DOSBITSL17,1/25/2016,1/25/2016,1/25/2016,2,Online Search,Web
Treadclimber,CAM46146 DOSBITSL17,1/27/2016,1/25/2016,1/25/2016,1,Online Search,Web
Treadclimber,CAM46146 DOSBITSL17,,1/25/2016,1/25/2016,5,Online Search,Web
Treadclimber,CAM46146 DOSBITSL17,1/26/2016,1/26/2016,1/25/2016,3,Online Search,Web
Treadclimber,CAM46146 DOSBITSL17,,1/26/2016,1/25/2016,3,Online Search,Web
Treadclimber,CAM46146 DOSBITSL17,1/27/2016,1/27/2016,1/25/2016,2,Online Search,Web
Treadclimber,CAM46146 DOSBITSL17,,1/27/2016,1/25/2016,2,Online Search,Web
Treadclimber,CAM46146 DOSBITSL17,1/28/2016,1/28/2016,1/25/2016,3,Online Search,Web
Treadclimber,CAM46146 DOSBITSL17,1/29/2016,1/29/2016,1/25/2016,3,Online Search,Web
Treadclimber,CAM46146 DOSBITSL17,1/30/2016,1/30/2016,1/25/2016,6,Online Search,Web
Treadclimber,CAM46146 DOSBITSL17,,1/30/2016,1/25/2016,1,Online Search,Web
Treadclimber,CAM46146 DOSBITSL17,1/31/2016,1/31/2016,1/25/2016,2,Online Search,Web
Treadclimber,CAM46146 DOSBITSL17,,1/31/2016,1/25/2016,2,Online Search,Web
Bowflex Max Trainer,CAM47150 DOSG2ESL9,1/25/2016,1/25/2016,1/25/2016,13,Online Search,Web
Bowflex Max Trainer,CAM47150 DOSG2ESL9,,1/25/2016,1/25/2016,14,Online Search,Web
Bowflex Max Trainer,CAM47150 DOSG2ESL9,1/26/2016,1/26/2016,1/25/2016,11,Online Search,Web
Bowflex Max Trainer,CAM47150 DOSG2ESL9,,1/26/2016,1/25/2016,11,Online Search,Web
Treadclimber,CAM47150 DOSG2ESL9,,1/26/2016,1/25/2016,1,Online Search,Web
Bowflex Max Trainer,CAM47150 DOSG2ESL9,1/27/2016,1/27/2016,1/25/2016,11,Online Search,Web
Bowflex Max Trainer,CAM47150 DOSG2ESL9,1/30/2016,1/27/2016,1/25/2016,1,Online Search,Web
Bowflex Max Trainer,CAM47150 DOSG2ESL9,,1/27/2016,1/25/2016,15,Online Search,Web
Bowflex Max Trainer,CAM47150 DOSG2ESL9,1/28/2016,1/28/2016,1/25/2016,12,Online Search,Web
Bowflex Max Trainer,CAM47150 DOSG2ESL9,,1/28/2016,1/25/2016,16,Online Search,Web
Treadclimber,CAM47150 DOSG2ESL9,,1/28/2016,1/25/2016,2,Online Search,Web
Bowflex Max Trainer,CAM47150 DOSG2ESL9,1/29/2016,1/29/2016,1/25/2016,10,Online Search,Web
Bowflex Max Trainer,CAM47150 DOSG2ESL9,,1/29/2016,1/25/2016,13,Online Search,Web
Treadclimber,CAM47150 DOSG2ESL9,,1/29/2016,1/25/2016,1,Online Search,Web
Bowflex Max Trainer,CAM47150 DOSG2ESL9,1/30/2016,1/30/2016,1/25/2016,16,Online Search,Web
Bowflex Max Trainer,CAM47150 DOSG2ESL9,2/28/2016,1/30/2016,1/25/2016,1,Online Search,Web
Bowflex Max Trainer,CAM47150 DOSG2ESL9,,1/30/2016,1/25/2016,12,Online Search,Web
Treadclimber,CAM47150 DOSG2ESL9,,1/30/2016,1/25/2016,1,Online Search,Web
Bowflex Max Trainer,CAM47150 DOSG2ESL9,1/31/2016,1/31/2016,1/25/2016,15,Online Search,Web
Bowflex Max Trainer,CAM47150 DOSG2ESL9,2/1/2016,1/31/2016,1/25/2016,1,Online Search,Web
Bowflex Max Trainer,CAM47150 DOSG2ESL9,,1/31/2016,1/25/2016,16,Online Search,Web
Treadclimber,CAM47150 DOSG2ESL9,,1/31/2016,1/25/2016,2,Online Search,Web
Bowflex Max Trainer,CAM47151 DOSG2EML2,1/25/2016,1/25/2016,1/25/2016,18,Online Search,Web
Bowflex Max Trainer,CAM47151 DOSG2EML2,,1/25/2016,1/25/2016,13,Online Search,Web
Treadclimber,CAM47151 DOSG2EML2,,1/25/2016,1/25/2016,1,Online Search,Web
Bowflex Max Trainer,CAM47151 DOSG2EML2,1/26/2016,1/26/2016,1/25/2016,12,Online Search,Web
Bowflex Max Trainer,CAM47151 DOSG2EML2,,1/26/2016,1/25/2016,13,Online Search,Web
Treadclimber,CAM47151 DOSG2EML2,,1/26/2016,1/25/2016,1,Online Search,Web
Bowflex Max Trainer,CAM47151 DOSG2EML2,1/27/2016,1/27/2016,1/25/2016,15,Online Search,Web
Bowflex Max Trainer,CAM47151 DOSG2EML2,,1/27/2016,1/25/2016,16,Online Search,Web
Treadclimber,CAM47151 DOSG2EML2,,1/27/2016,1/25/2016,2,Online Search,Web
Bowflex Max Trainer,CAM47151 DOSG2EML2,1/28/2016,1/28/2016,1/25/2016,20,Online Search,Web
Bowflex Max Trainer,CAM47151 DOSG2EML2,,1/28/2016,1/25/2016,17,Online Search,Web
Bowflex Max Trainer,CAM47151 DOSG2EML2,1/29/2016,1/29/2016,1/25/2016,19,Online Search,Web
Bowflex Max Trainer,CAM47151 DOSG2EML2,,1/29/2016,1/25/2016,17,Online Search,Web
Treadclimber,CAM47151 DOSG2EML2,,1/29/2016,1/25/2016,1,Online Search,Web
Bowflex Max Trainer,CAM47151 DOSG2EML2,1/30/2016,1/30/2016,1/25/2016,28,Online Search,Web
Bowflex Max Trainer,CAM47151 DOSG2EML2,,1/30/2016,1/25/2016,27,Online Search,Web
Bowflex Max Trainer,CAM47151 DOSG2EML2,1/31/2016,1/31/2016,1/25/2016,25,Online Search,Web
Bowflex Max Trainer,CAM47151 DOSG2EML2,,1/31/2016,1/25/2016,23,Online Search,Web
Bowflex Max Trainer,CAM47152 DOSBIESL8,1/25/2016,1/25/2016,1/25/2016,2,Online Search,Web
Bowflex Max Trainer,CAM47152 DOSBIESL8,,1/25/2016,1/25/2016,3,Online Search,Web
Bowflex Max Trainer,CAM47152 DOSBIESL8,1/26/2016,1/26/2016,1/25/2016,3,Online Search,Web
Bowflex Max Trainer,CAM47152 DOSBIESL8,,1/26/2016,1/25/2016,4,Online Search,Web
Bowflex Max Trainer,CAM47152 DOSBIESL8,1/27/2016,1/27/2016,1/25/2016,3,Online Search,Web
Bowflex Max Trainer,CAM47152 DOSBIESL8,,1/27/2016,1/25/2016,1,Online Search,Web
Bowflex Max Trainer,CAM47152 DOSBIESL8,1/28/2016,1/28/2016,1/25/2016,1,Online Search,Web
Bowflex Max Trainer,CAM47152 DOSBIESL8,,1/28/2016,1/25/2016,2,Online Search,Web
Bowflex Max Trainer,CAM47152 DOSBIESL8,1/29/2016,1/29/2016,1/25/2016,6,Online Search,Web
Bowflex Max Trainer,CAM47152 DOSBIESL8,,1/29/2016,1/25/2016,3,Online Search,Web
Bowflex Max Trainer,CAM47152 DOSBIESL8,1/30/2016,1/30/2016,1/25/2016,1,Online Search,Web
Bowflex Max Trainer,CAM47152 DOSBIESL8,,1/30/2016,1/25/2016,2,Online Search,Web
Bowflex Max Trainer,CAM47152 DOSBIESL8,1/31/2016,1/31/2016,1/25/2016,3,Online Search,Web
Bowflex Max Trainer,CAM47152 DOSBIESL8,,1/31/2016,1/25/2016,3,Online Search,Web
Bowflex Max Trainer,CAM47153 DOSBIEML2,1/25/2016,1/25/2016,1/25/2016,1,Online Search,Web
Bowflex Max Trainer,CAM47153 DOSBIEML2,,1/25/2016,1/25/2016,1,Online Search,Web
Bowflex Max Trainer,CAM47153 DOSBIEML2,,1/26/2016,1/25/2016,6,Online Search,Web
Bowflex Max Trainer,CAM47153 DOSBIEML2,1/28/2016,1/28/2016,1/25/2016,1,Online Search,Web
Bowflex Max Trainer,CAM47153 DOSBIEML2,,1/28/2016,1/25/2016,1,Online Search,Web
Bowflex Max Trainer,CAM47153 DOSBIEML2,1/29/2016,1/29/2016,1/25/2016,1,Online Search,Web
Bowflex Max Trainer,CAM47153 DOSBIEML2,,1/30/2016,1/25/2016,2,Online Search,Web
Bowflex Max Trainer,CAM47153 DOSBIEML2,1/31/2016,1/31/2016,1/25/2016,1,Online Search,Web
Bowflex Max Trainer,CAM47153 DOSBIEML2,,1/31/2016,1/25/2016,7,Online Search,Web
Bowflex Home Gyms,CAM47263 DOSBIGSL20,1/29/2016,1/29/2016,1/25/2016,1,Online Search,Web
Bowflex Home Gyms,CAM47263 DOSBIGSL20,,1/29/2016,1/25/2016,1,Online Search,Web
Bowflex Home Gyms,CAM47265 DOSG2GSL38,1/25/2016,1/25/2016,1/25/2016,4,Online Search,Web
Bowflex Home Gyms,CAM47265 DOSG2GSL38,,1/26/2016,1/25/2016,1,Online Search,Web
Bowflex Home Gyms,CAM47265 DOSG2GSL38,1/28/2016,1/28/2016,1/25/2016,1,Online Search,Web
Bowflex Home Gyms,CAM47265 DOSG2GSL38,1/30/2016,1/30/2016,1/25/2016,2,Online Search,Web
Bowflex Home Gyms,CAM47265 DOSG2GSL38,1/31/2016,1/31/2016,1/25/2016,2,Online Search,Web
Bowflex Home Gyms,CAM47265 DOSG2GSL38,,1/31/2016,1/25/2016,1,Online Search,Web
Bowflex Selecttech Dumbbells,CAM47268 DOSG2DSL22,1/31/2016,1/31/2016,1/25/2016,1,Online Search,Web
Bowflex Selecttech Dumbbells,CAM47269 DOSBIDSL16,1/28/2016,1/28/2016,1/25/2016,1,Online Search,Web
Treadclimber,CAM48240 DOSBITSL18,1/27/2016,1/27/2016,1/25/2016,1,Online Search,Web
Treadclimber,CAM48472 DOSG2TSL38,,1/31/2016,1/25/2016,2,Online Search,Web
Bowflex Max Trainer,CAM48984 DOSG2ESL11,,1/28/2016,1/25/2016,1,Online Search,Web
Treadclimber,CAM48984 DOSG2ESL11,,1/28/2016,1/25/2016,1,Online Search,Web
Bowflex Max Trainer,CAM48984 DOSG2ESL11,,1/30/2016,1/25/2016,1,Online Search,Web
Treadclimber,CAM48984 DOSG2ESL11,,1/30/2016,1/25/2016,1,Online Search,Web
Bowflex Max Trainer,CAM48984 DOSG2ESL11,,1/31/2016,1/25/2016,2,Online Search,Web
Treadclimber,CAM48984 DOSG2ESL11,,1/31/2016,1/25/2016,2,Online Search,Web
Bowflex Max Trainer,CAM48985 DOSBIESL10,,1/31/2016,1/25/2016,1,Online Search,Web
Bowflex Home Gyms,CAM32062 dofg2gfeed1,1/25/2016,1/25/2016,1/25/2016,1,Online Shopping,Web
Bowflex Home Gyms,CAM32062 dofg2gfeed1,,1/25/2016,1/25/2016,1,Online Shopping,Web
Bowflex Home Gyms,CAM32062 dofg2gfeed1,,1/28/2016,1/25/2016,2,Online Shopping,Web
Bowflex Home Gyms,CAM32062 dofg2gfeed1,,1/29/2016,1/25/2016,1,Online Shopping,Web
Bowflex Home Gyms,CAM32062 dofg2gfeed1,,1/30/2016,1/25/2016,1,Online Shopping,Web
Bowflex Home Gyms,CAM32062 dofg2gfeed1,,1/31/2016,1/25/2016,1,Online Shopping,Web
Bowflex Home Gyms,CAM32087 SAWDOFYAHG,,1/31/2016,1/25/2016,1,Online Shopping,Call Center Internal
Treadclimber,CAM32123 dofg2tfeed1,,1/25/2016,1/25/2016,1,Online Shopping,Web
Treadclimber,CAM32123 dofg2tfeed1,,1/26/2016,1/25/2016,4,Online Shopping,Web
Treadclimber,CAM32123 dofg2tfeed1,1/27/2016,1/27/2016,1/25/2016,1,Online Shopping,Web
Treadclimber,CAM32123 dofg2tfeed1,,1/27/2016,1/25/2016,2,Online Shopping,Web
Treadclimber,CAM32123 dofg2tfeed1,,1/28/2016,1/25/2016,3,Online Shopping,Web
Treadclimber,CAM32123 dofg2tfeed1,,1/29/2016,1/25/2016,4,Online Shopping,Web
Treadclimber,CAM32123 dofg2tfeed1,1/30/2016,1/30/2016,1/25/2016,2,Online Shopping,Web
Treadclimber,CAM32123 dofg2tfeed1,1/31/2016,1/31/2016,1/25/2016,1,Online Shopping,Web
Treadclimber,CAM32123 dofg2tfeed1,,1/31/2016,1/25/2016,1,Online Shopping,Web
Treadclimber,CAM32129 dofsztfeed1,,1/28/2016,1/25/2016,1,Online Shopping,Web
Treadclimber,CAM32129 dofsztfeed1,1/29/2016,1/29/2016,1/25/2016,1,Online Shopping,Web
Treadclimber,CAM32129 dofsztfeed1,,1/30/2016,1/25/2016,2,Online Shopping,Web
Bowflex Catalog,CAM32129 dofsztfeed1,,1/31/2016,1/25/2016,1,Online Shopping,Web
Bowflex Home Gyms,CAM32129 dofsztfeed1,,1/31/2016,1/25/2016,1,Online Shopping,Web
Treadclimber,CAM32129 dofsztfeed1,,1/31/2016,1/25/2016,1,Online Shopping,Web
Bowflex Catalog,CAM33953 SAWDOFG2C,,1/30/2016,1/25/2016,2,Online Shopping,Call Center Internal
Bowflex Max Trainer,CAM33953 SAWDOFG2C,,1/30/2016,1/25/2016,1,Online Shopping,Call Center Internal
Bowflex Selecttech Dumbbells,CAM33953 SAWDOFG2C,,1/30/2016,1/25/2016,1,Online Shopping,Call Center Internal
Treadclimber,CAM33953 SAWDOFG2C,,1/30/2016,1/25/2016,1,Online Shopping,Call Center Internal
Bowflex Catalog,CAM33966 dofg2cfeed1,1/25/2016,1/25/2016,1/25/2016,1,Online Shopping,Web
Bowflex Catalog,CAM33966 dofg2cfeed1,,1/25/2016,1/25/2016,11,Online Shopping,Web
Bowflex Home Gyms,CAM33966 dofg2cfeed1,,1/25/2016,1/25/2016,1,Online Shopping,Web
Bowflex Max Trainer,CAM33966 dofg2cfeed1,,1/25/2016,1/25/2016,5,Online Shopping,Web
Bowflex Catalog,CAM33966 dofg2cfeed1,1/26/2016,1/26/2016,1/25/2016,1,Online Shopping,Web
Bowflex Catalog,CAM33966 dofg2cfeed1,,1/26/2016,1/25/2016,6,Online Shopping,Web
Bowflex Max Trainer,CAM33966 dofg2cfeed1,,1/26/2016,1/25/2016,2,Online Shopping,Web
Bowflex Selecttech Dumbbells,CAM33966 dofg2cfeed1,,1/26/2016,1/25/2016,1,Online Shopping,Web
Schwinn,CAM33966 dofg2cfeed1,,1/26/2016,1/25/2016,1,Online Shopping,Web
Bowflex Catalog,CAM33966 dofg2cfeed1,,1/27/2016,1/25/2016,1,Online Shopping,Web
Bowflex Catalog,CAM33966 dofg2cfeed1,1/28/2016,1/28/2016,1/25/2016,1,Online Shopping,Web
Bowflex Catalog,CAM33966 dofg2cfeed1,,1/28/2016,1/25/2016,6,Online Shopping,Web
Bowflex Home Gyms,CAM33966 dofg2cfeed1,,1/28/2016,1/25/2016,1,Online Shopping,Web
Bowflex Catalog,CAM33966 dofg2cfeed1,1/29/2016,1/29/2016,1/25/2016,3,Online Shopping,Web
Bowflex Body,CAM33966 dofg2cfeed1,,1/29/2016,1/25/2016,1,Online Shopping,Web
Bowflex Catalog,CAM33966 dofg2cfeed1,,1/29/2016,1/25/2016,5,Online Shopping,Web
Bowflex Home Gyms,CAM33966 dofg2cfeed1,,1/29/2016,1/25/2016,1,Online Shopping,Web
Bowflex Max Trainer,CAM33966 dofg2cfeed1,,1/29/2016,1/25/2016,1,Online Shopping,Web
Bowflex Revolution,CAM33966 dofg2cfeed1,,1/29/2016,1/25/2016,1,Online Shopping,Web
Bowflex Catalog,CAM33966 dofg2cfeed1,1/30/2016,1/30/2016,1/25/2016,2,Online Shopping,Web
Bowflex Catalog,CAM33966 dofg2cfeed1,,1/30/2016,1/25/2016,7,Online Shopping,Web
Bowflex Max Trainer,CAM33966 dofg2cfeed1,,1/30/2016,1/25/2016,3,Online Shopping,Web
Treadclimber,CAM33966 dofg2cfeed1,,1/30/2016,1/25/2016,2,Online Shopping,Web
Bowflex Catalog,CAM33966 dofg2cfeed1,1/31/2016,1/31/2016,1/25/2016,1,Online Shopping,Web
Bowflex Catalog,CAM33966 dofg2cfeed1,,1/31/2016,1/25/2016,6,Online Shopping,Web
Bowflex Home Gyms,CAM33966 dofg2cfeed1,,1/31/2016,1/25/2016,2,Online Shopping,Web
Bowflex Max Trainer,CAM33966 dofg2cfeed1,,1/31/2016,1/25/2016,2,Online Shopping,Web
Bowflex Catalog,CAM33967 dofnextcfeed1,,1/25/2016,1/25/2016,1,Online Shopping,Web
Bowflex Catalog,CAM33967 dofnextcfeed1,,1/26/2016,1/25/2016,1,Online Shopping,Web
Bowflex Selecttech Dumbbells,CAM33967 dofnextcfeed1,,1/26/2016,1/25/2016,1,Online Shopping,Web
Bowflex Catalog,CAM33972 dofszcfeed1,,1/25/2016,1/25/2016,1,Online Shopping,Web
Bowflex Catalog,CAM33972 dofszcfeed1,,1/26/2016,1/25/2016,1,Online Shopping,Web
Bowflex Catalog,CAM33972 dofszcfeed1,,1/27/2016,1/25/2016,2,Online Shopping,Web
Bowflex Home Gyms,CAM33972 dofszcfeed1,,1/27/2016,1/25/2016,1,Online Shopping,Web
Bowflex Catalog,CAM33972 dofszcfeed1,,1/29/2016,1/25/2016,3,Online Shopping,Web
Bowflex Max Trainer,CAM33972 dofszcfeed1,,1/29/2016,1/25/2016,1,Online Shopping,Web
Bowflex Selecttech Dumbbells,CAM33972 dofszcfeed1,,1/29/2016,1/25/2016,1,Online Shopping,Web
Bowflex Catalog,CAM33972 dofszcfeed1,1/30/2016,1/30/2016,1/25/2016,1,Online Shopping,Web
Bowflex Catalog,CAM33972 dofszcfeed1,,1/30/2016,1/25/2016,1,Online Shopping,Web
Bowflex Home Gyms,CAM33972 dofszcfeed1,,1/30/2016,1/25/2016,1,Online Shopping,Web
Bowflex Catalog,CAM33972 dofszcfeed1,,1/31/2016,1/25/2016,3,Online Shopping,Web
Bowflex Home Gyms,CAM33972 dofszcfeed1,,1/31/2016,1/25/2016,2,Online Shopping,Web
Treadclimber,CAM44450 dofbitfeed2,1/26/2016,1/26/2016,1/25/2016,1,Online Shopping,Web
Treadclimber,CAM44450 dofbitfeed2,,1/27/2016,1/25/2016,1,Online Shopping,Web
Treadclimber,CAM44450 dofbitfeed2,,1/29/2016,1/25/2016,1,Online Shopping,Web
Bowflex Catalog,CAM44540 dofcatcfeed1,1/26/2016,1/26/2016,1/25/2016,1,Online Shopping,Web
Bowflex Catalog,CAM44540 dofcatcfeed1,1/27/2016,1/27/2016,1/25/2016,2,Online Shopping,Web
Bowflex Catalog,CAM44540 dofcatcfeed1,1/30/2016,1/30/2016,1/25/2016,1,Online Shopping,Web
Bowflex Max Trainer,CAM44887 dofg2efeed1,1/25/2016,1/25/2016,1/25/2016,10,Online Shopping,Web
Bowflex Max Trainer,CAM44887 dofg2efeed1,,1/25/2016,1/25/2016,26,Online Shopping,Web
Bowflex Max Trainer,CAM44887 dofg2efeed1,1/26/2016,1/26/2016,1/25/2016,2,Online Shopping,Web
Bowflex Max Trainer,CAM44887 dofg2efeed1,,1/26/2016,1/25/2016,22,Online Shopping,Web
Treadclimber,CAM44887 dofg2efeed1,,1/26/2016,1/25/2016,2,Online Shopping,Web
Bowflex Max Trainer,CAM44887 dofg2efeed1,1/27/2016,1/27/2016,1/25/2016,10,Online Shopping,Web
Bowflex Max Trainer,CAM44887 dofg2efeed1,,1/27/2016,1/25/2016,25,Online Shopping,Web
Treadclimber,CAM44887 dofg2efeed1,,1/27/2016,1/25/2016,1,Online Shopping,Web
Bowflex Max Trainer,CAM44887 dofg2efeed1,1/28/2016,1/28/2016,1/25/2016,5,Online Shopping,Web
Bowflex Max Trainer,CAM44887 dofg2efeed1,2/8/2016,1/28/2016,1/25/2016,1,Online Shopping,Web
Bowflex Max Trainer,CAM44887 dofg2efeed1,,1/28/2016,1/25/2016,15,Online Shopping,Web
Treadclimber,CAM44887 dofg2efeed1,,1/28/2016,1/25/2016,2,Online Shopping,Web
Bowflex Max Trainer,CAM44887 dofg2efeed1,1/29/2016,1/29/2016,1/25/2016,1,Online Shopping,Web
Bowflex Max Trainer,CAM44887 dofg2efeed1,,1/29/2016,1/25/2016,14,Online Shopping,Web
Treadclimber,CAM44887 dofg2efeed1,,1/29/2016,1/25/2016,2,Online Shopping,Web
Bowflex Max Trainer,CAM44887 dofg2efeed1,1/30/2016,1/30/2016,1/25/2016,1,Online Shopping,Web
Bowflex Max Trainer,CAM44887 dofg2efeed1,,1/30/2016,1/25/2016,10,Online Shopping,Web
Treadclimber,CAM44887 dofg2efeed1,,1/30/2016,1/25/2016,1,Online Shopping,Web
Bowflex Max Trainer,CAM44887 dofg2efeed1,1/31/2016,1/31/2016,1/25/2016,6,Online Shopping,Web
Bowflex Max Trainer,CAM44887 dofg2efeed1,2/13/2016,1/31/2016,1/25/2016,1,Online Shopping,Web
Bowflex Catalog,CAM44887 dofg2efeed1,,1/31/2016,1/25/2016,1,Online Shopping,Web
Bowflex Max Trainer,CAM44887 dofg2efeed1,,1/31/2016,1/25/2016,26,Online Shopping,Web
Treadclimber,CAM44887 dofg2efeed1,,1/31/2016,1/25/2016,2,Online Shopping,Web
Bowflex Max Trainer,CAM44948 dofbiefeed1,1/25/2016,1/25/2016,1/25/2016,3,Online Shopping,Web
Bowflex Max Trainer,CAM44948 dofbiefeed1,,1/25/2016,1/25/2016,13,Online Shopping,Web
Treadclimber,CAM44948 dofbiefeed1,,1/25/2016,1/25/2016,1,Online Shopping,Web
Bowflex Max Trainer,CAM44948 dofbiefeed1,1/26/2016,1/26/2016,1/25/2016,2,Online Shopping,Web
Bowflex Max Trainer,CAM44948 dofbiefeed1,,1/26/2016,1/25/2016,9,Online Shopping,Web
Bowflex Max Trainer,CAM44948 dofbiefeed1,1/27/2016,1/27/2016,1/25/2016,4,Online Shopping,Web
Bowflex Max Trainer,CAM44948 dofbiefeed1,,1/27/2016,1/25/2016,5,Online Shopping,Web
Bowflex Max Trainer,CAM44948 dofbiefeed1,1/28/2016,1/28/2016,1/25/2016,1,Online Shopping,Web
Bowflex Max Trainer,CAM44948 dofbiefeed1,,1/28/2016,1/25/2016,6,Online Shopping,Web
Bowflex Max Trainer,CAM44948 dofbiefeed1,1/29/2016,1/29/2016,1/25/2016,1,Online Shopping,Web
Bowflex Max Trainer,CAM44948 dofbiefeed1,,1/29/2016,1/25/2016,7,Online Shopping,Web
Bowflex Max Trainer,CAM44948 dofbiefeed1,,1/30/2016,1/25/2016,9,Online Shopping,Web
Bowflex Max Trainer,CAM44948 dofbiefeed1,1/31/2016,1/31/2016,1/25/2016,2,Online Shopping,Web
Bowflex Max Trainer,CAM44948 dofbiefeed1,,1/31/2016,1/25/2016,12,Online Shopping,Web
Bowflex Max Trainer,CAM45042 SAWDOFBIE,,1/27/2016,1/25/2016,2,Online Shopping,Call Center Internal
Bowflex Max Trainer,CAM45042 SAWDOFBIE,,1/29/2016,1/25/2016,3,Online Shopping,Call Center Internal
Treadclimber,CAM45042 SAWDOFBIE,,1/29/2016,1/25/2016,1,Online Shopping,Call Center Internal
Bowflex Max Trainer,CAM45042 SAWDOFBIE,,1/30/2016,1/25/2016,1,Online Shopping,Call Center Internal
Bowflex Max Trainer,CAM45043 SAWDOFG2E,,1/25/2016,1/25/2016,6,Online Shopping,Call Center Internal
Bowflex Max Trainer,CAM45043 SAWDOFG2E,1/26/2016,1/26/2016,1/25/2016,2,Online Shopping,Call Center Internal
Bowflex Max Trainer,CAM45043 SAWDOFG2E,,1/26/2016,1/25/2016,2,Online Shopping,Call Center Internal
Bowflex Max Trainer,CAM45043 SAWDOFG2E,1/27/2016,1/27/2016,1/25/2016,2,Online Shopping,Call Center Internal
Bowflex Max Trainer,CAM45043 SAWDOFG2E,,1/27/2016,1/25/2016,4,Online Shopping,Call Center Internal
Treadclimber,CAM45043 SAWDOFG2E,,1/27/2016,1/25/2016,1,Online Shopping,Call Center Internal
Bowflex Max Trainer,CAM45043 SAWDOFG2E,1/28/2016,1/28/2016,1/25/2016,1,Online Shopping,Call Center Internal
Bowflex Max Trainer,CAM45043 SAWDOFG2E,,1/28/2016,1/25/2016,1,Online Shopping,Call Center Internal
Treadclimber,CAM45043 SAWDOFG2E,,1/28/2016,1/25/2016,1,Online Shopping,Call Center Internal
Bowflex Max Trainer,CAM45043 SAWDOFG2E,1/29/2016,1/29/2016,1/25/2016,2,Online Shopping,Call Center Internal
Bowflex Max Trainer,CAM45043 SAWDOFG2E,,1/31/2016,1/25/2016,1,Online Shopping,Call Center Internal
Bowflex Max Trainer,CAM45043 SAWDOFG2E,,1/25/2016,1/25/2016,1,Online Shopping,Third Party Call Center - Evolve
Treadclimber,CAM45043 SAWDOFG2E,,1/25/2016,1/25/2016,1,Online Shopping,Third Party Call Center - Evolve
Bowflex Max Trainer,CAM45043 SAWDOFG2E,1/26/2016,1/26/2016,1/25/2016,1,Online Shopping,Third Party Call Center - Evolve
Bowflex Max Trainer,CAM45043 SAWDOFG2E,1/30/2016,1/30/2016,1/25/2016,2,Online Shopping,Third Party Call Center - Evolve
Bowflex Max Trainer,CAM45043 SAWDOFG2E,,1/30/2016,1/25/2016,1,Online Shopping,Third Party Call Center - Evolve
Bowflex Selecttech Dumbbells,CAM48253 DOFBIDFEED3,,1/28/2016,1/25/2016,1,Online Shopping,Web
Bowflex Home Gyms,CAM48327 DOFBIGFEED3,,1/27/2016,1/25/2016,1,Online Shopping,Web
Treadclimber,CAM48973 DOFG2TFEED2,,1/25/2016,1/25/2016,2,Online Shopping,Web
Treadclimber,CAM48973 DOFG2TFEED2,,1/26/2016,1/25/2016,2,Online Shopping,Web
Treadclimber,CAM48973 DOFG2TFEED2,1/27/2016,1/27/2016,1/25/2016,1,Online Shopping,Web
Treadclimber,CAM48973 DOFG2TFEED2,2/6/2016,1/27/2016,1/25/2016,1,Online Shopping,Web
Treadclimber,CAM48973 DOFG2TFEED2,,1/27/2016,1/25/2016,3,Online Shopping,Web
Treadclimber,CAM48973 DOFG2TFEED2,1/28/2016,1/28/2016,1/25/2016,1,Online Shopping,Web
Treadclimber,CAM48973 DOFG2TFEED2,,1/28/2016,1/25/2016,4,Online Shopping,Web
Treadclimber,CAM48973 DOFG2TFEED2,,1/29/2016,1/25/2016,1,Online Shopping,Web
Treadclimber,CAM48973 DOFG2TFEED2,,1/30/2016,1/25/2016,3,Online Shopping,Web
Treadclimber,CAM48973 DOFG2TFEED2,1/31/2016,1/31/2016,1/25/2016,1,Online Shopping,Web
Treadclimber,CAM48973 DOFG2TFEED2,,1/31/2016,1/25/2016,5,Online Shopping,Web
Bowflex Max Trainer,CAM48975 DOFG2EFEED2,1/25/2016,1/25/2016,1/25/2016,44,Online Shopping,Web
Bowflex Max Trainer,CAM48975 DOFG2EFEED2,,1/25/2016,1/25/2016,40,Online Shopping,Web
Bowflex Max Trainer,CAM48975 DOFG2EFEED2,1/26/2016,1/26/2016,1/25/2016,25,Online Shopping,Web
Bowflex Max Trainer,CAM48975 DOFG2EFEED2,1/27/2016,1/26/2016,1/25/2016,1,Online Shopping,Web
Bowflex Max Trainer,CAM48975 DOFG2EFEED2,,1/26/2016,1/25/2016,32,Online Shopping,Web
Treadclimber,CAM48975 DOFG2EFEED2,,1/26/2016,1/25/2016,1,Online Shopping,Web
Bowflex Max Trainer,CAM48975 DOFG2EFEED2,1/27/2016,1/27/2016,1/25/2016,19,Online Shopping,Web
Bowflex Max Trainer,CAM48975 DOFG2EFEED2,,1/27/2016,1/25/2016,33,Online Shopping,Web
Treadclimber,CAM48975 DOFG2EFEED2,,1/27/2016,1/25/2016,1,Online Shopping,Web
Bowflex Max Trainer,CAM48975 DOFG2EFEED2,1/28/2016,1/28/2016,1/25/2016,7,Online Shopping,Web
Bowflex Max Trainer,CAM48975 DOFG2EFEED2,,1/28/2016,1/25/2016,13,Online Shopping,Web
Bowflex Max Trainer,CAM48975 DOFG2EFEED2,1/29/2016,1/29/2016,1/25/2016,1,Online Shopping,Web
Bowflex Max Trainer,CAM48975 DOFG2EFEED2,,1/29/2016,1/25/2016,14,Online Shopping,Web
Bowflex Max Trainer,CAM48975 DOFG2EFEED2,1/30/2016,1/30/2016,1/25/2016,2,Online Shopping,Web
Bowflex Max Trainer,CAM48975 DOFG2EFEED2,2/5/2016,1/30/2016,1/25/2016,1,Online Shopping,Web
Bowflex Max Trainer,CAM48975 DOFG2EFEED2,,1/30/2016,1/25/2016,23,Online Shopping,Web
Treadclimber,CAM48975 DOFG2EFEED2,,1/30/2016,1/25/2016,1,Online Shopping,Web
Bowflex Max Trainer,CAM48975 DOFG2EFEED2,1/31/2016,1/31/2016,1/25/2016,4,Online Shopping,Web
Bowflex Max Trainer,CAM48975 DOFG2EFEED2,,1/31/2016,1/25/2016,21,Online Shopping,Web
Treadclimber,CAM48975 DOFG2EFEED2,,1/31/2016,1/25/2016,1,Online Shopping,Web
Bowflex Home Gyms,CAM48977 DOFG2GFEED2,,1/27/2016,1/25/2016,1,Online Shopping,Web
Bowflex Home Gyms,CAM48977 DOFG2GFEED2,,1/29/2016,1/25/2016,1,Online Shopping,Web
Bowflex Home Gyms,CAM48977 DOFG2GFEED2,,1/31/2016,1/25/2016,1,Online Shopping,Web
Bowflex Selecttech Dumbbells,CAM48979 DOFG2DFEED2,1/28/2016,1/28/2016,1/25/2016,1,Online Shopping,Web
Bowflex Catalog,CAM48980 DOFG2CFEED3,,1/25/2016,1/25/2016,4,Online Shopping,Web
Bowflex Catalog,CAM48980 DOFG2CFEED3,1/26/2016,1/26/2016,1/25/2016,1,Online Shopping,Web
Bowflex Catalog,CAM48980 DOFG2CFEED3,,1/26/2016,1/25/2016,3,Online Shopping,Web
Bowflex Max Trainer,CAM48980 DOFG2CFEED3,,1/26/2016,1/25/2016,1,Online Shopping,Web
Bowflex Catalog,CAM48980 DOFG2CFEED3,1/28/2016,1/28/2016,1/25/2016,3,Online Shopping,Web
Bowflex Catalog,CAM48980 DOFG2CFEED3,,1/28/2016,1/25/2016,4,Online Shopping,Web
Bowflex Max Trainer,CAM48980 DOFG2CFEED3,,1/28/2016,1/25/2016,1,Online Shopping,Web
Bowflex Revolution,CAM48980 DOFG2CFEED3,,1/28/2016,1/25/2016,1,Online Shopping,Web
Bowflex Catalog,CAM48980 DOFG2CFEED3,1/29/2016,1/29/2016,1/25/2016,2,Online Shopping,Web
Bowflex Catalog,CAM48980 DOFG2CFEED3,,1/29/2016,1/25/2016,5,Online Shopping,Web
Bowflex Max Trainer,CAM48980 DOFG2CFEED3,,1/29/2016,1/25/2016,1,Online Shopping,Web
Bowflex Catalog,CAM48980 DOFG2CFEED3,1/30/2016,1/30/2016,1/25/2016,1,Online Shopping,Web
Bowflex Catalog,CAM48980 DOFG2CFEED3,,1/30/2016,1/25/2016,5,Online Shopping,Web
Bowflex Max Trainer,CAM48980 DOFG2CFEED3,,1/30/2016,1/25/2016,1,Online Shopping,Web
Bowflex Catalog,CAM48980 DOFG2CFEED3,1/31/2016,1/31/2016,1/25/2016,3,Online Shopping,Web
Bowflex Catalog,CAM48980 DOFG2CFEED3,,1/31/2016,1/25/2016,8,Online Shopping,Web
Bowflex Home Gyms,CAM48980 DOFG2CFEED3,,1/31/2016,1/25/2016,2,Online Shopping,Web
Bowflex Max Trainer,CAM48980 DOFG2CFEED3,,1/31/2016,1/25/2016,1,Online Shopping,Web
Treadclimber,CAM48980 DOFG2CFEED3,,1/31/2016,1/25/2016,2,Online Shopping,Web
Treadclimber,CAM45897 DOXFBTRESPONSE,1/27/2016,1/27/2016,1/25/2016,1,Online Social,Web
Treadclimber,CAM45897 DOXFBTRESPONSE,1/30/2016,1/30/2016,1/25/2016,1,Online Social,Web
Bowflex Max Trainer,CAM45898 DOXFBERESPONSE,1/27/2016,1/27/2016,1/25/2016,1,Online Social,Call Center Internal
Bowflex Max Trainer,CAM45898 DOXFBERESPONSE,,1/28/2016,1/25/2016,1,Online Social,Call Center Internal
Treadclimber,CAM45898 DOXFBERESPONSE,,1/28/2016,1/25/2016,1,Online Social,Call Center Internal
Bowflex Max Trainer,CAM45898 DOXFBERESPONSE,,1/29/2016,1/25/2016,1,Online Social,Call Center Internal
Bowflex Max Trainer,CAM45898 DOXFBERESPONSE,1/26/2016,1/26/2016,1/25/2016,1,Online Social,Web
Bowflex Max Trainer,CAM45898 DOXFBERESPONSE,,1/26/2016,1/25/2016,6,Online Social,Web
Bowflex Max Trainer,CAM45898 DOXFBERESPONSE,1/27/2016,1/27/2016,1/25/2016,2,Online Social,Web
Bowflex Max Trainer,CAM45898 DOXFBERESPONSE,,1/27/2016,1/25/2016,2,Online Social,Web
Bowflex Max Trainer,CAM45898 DOXFBERESPONSE,1/28/2016,1/28/2016,1/25/2016,2,Online Social,Web
Bowflex Max Trainer,CAM45898 DOXFBERESPONSE,,1/28/2016,1/25/2016,5,Online Social,Web
Treadclimber,CAM45898 DOXFBERESPONSE,,1/28/2016,1/25/2016,2,Online Social,Web
Bowflex Max Trainer,CAM45898 DOXFBERESPONSE,1/29/2016,1/29/2016,1/25/2016,2,Online Social,Web
Bowflex Max Trainer,CAM45898 DOXFBERESPONSE,,1/29/2016,1/25/2016,3,Online Social,Web
Bowflex Max Trainer,CAM45898 DOXFBERESPONSE,1/31/2016,1/31/2016,1/25/2016,1,Online Social,Web
Bowflex Max Trainer,CAM45898 DOXFBERESPONSE,,1/31/2016,1/25/2016,3,Online Social,Web
Treadclimber,CAM45898 DOXFBERESPONSE,,1/31/2016,1/25/2016,1,Online Social,Web
Treadclimber,CAM47171 DOXFBTGL1,1/30/2016,1/30/2016,1/25/2016,1,Online Social,Web
Treadclimber,CAM47171 DOXFBTGL1,,1/30/2016,1/25/2016,2,Online Social,Web
Bowflex Max Trainer,CAM47172 DOXFBEGL1,1/27/2016,1/27/2016,1/25/2016,2,Online Social,Web
Bowflex Selecttech Dumbbells,CAM47173 DOXFBDGL1,1/31/2016,1/31/2016,1/25/2016,1,Online Social,Web
Treadclimber,CAM48183 SAWDOXFBTSCODE,1/30/2016,1/30/2016,1/25/2016,1,Online Social,Call Center Internal
Treadclimber,CAM48184 DOXFBTSCODE001,1/25/2016,1/25/2016,1/25/2016,2,Online Social,Web
Treadclimber,CAM48184 DOXFBTSCODE001,,1/25/2016,1/25/2016,2,Online Social,Web
Treadclimber,CAM48184 DOXFBTSCODE001,1/26/2016,1/26/2016,1/25/2016,1,Online Social,Web
Treadclimber,CAM48184 DOXFBTSCODE001,,1/26/2016,1/25/2016,1,Online Social,Web
Treadclimber,CAM48184 DOXFBTSCODE001,1/28/2016,1/28/2016,1/25/2016,1,Online Social,Web
Treadclimber,CAM48184 DOXFBTSCODE001,1/30/2016,1/30/2016,1/25/2016,1,Online Social,Web
Treadclimber,CAM48184 DOXFBTSCODE001,,1/31/2016,1/25/2016,1,Online Social,Web
Treadclimber,CAM48185 DOXFBTSCODE002,1/25/2016,1/25/2016,1/25/2016,5,Online Social,Web
Treadclimber,CAM48185 DOXFBTSCODE002,,1/25/2016,1/25/2016,1,Online Social,Web
Treadclimber,CAM48185 DOXFBTSCODE002,1/26/2016,1/26/2016,1/25/2016,3,Online Social,Web
Treadclimber,CAM48185 DOXFBTSCODE002,,1/26/2016,1/25/2016,2,Online Social,Web
Treadclimber,CAM48185 DOXFBTSCODE002,1/27/2016,1/27/2016,1/25/2016,2,Online Social,Web
Treadclimber,CAM48185 DOXFBTSCODE002,,1/27/2016,1/25/2016,4,Online Social,Web
Treadclimber,CAM48185 DOXFBTSCODE002,1/28/2016,1/28/2016,1/25/2016,1,Online Social,Web
Treadclimber,CAM48185 DOXFBTSCODE002,,1/28/2016,1/25/2016,3,Online Social,Web
Treadclimber,CAM48185 DOXFBTSCODE002,1/29/2016,1/29/2016,1/25/2016,4,Online Social,Web
Treadclimber,CAM48185 DOXFBTSCODE002,,1/29/2016,1/25/2016,2,Online Social,Web
Treadclimber,CAM48185 DOXFBTSCODE002,,1/30/2016,1/25/2016,6,Online Social,Web
Treadclimber,CAM48185 DOXFBTSCODE002,1/31/2016,1/31/2016,1/25/2016,2,Online Social,Web
Treadclimber,CAM48185 DOXFBTSCODE002,,1/31/2016,1/25/2016,1,Online Social,Web
Treadclimber,CAM48186 DOXFBTSCODE003,1/25/2016,1/25/2016,1/25/2016,6,Online Social,Web
Treadclimber,CAM48186 DOXFBTSCODE003,,1/25/2016,1/25/2016,2,Online Social,Web
Treadclimber,CAM48186 DOXFBTSCODE003,1/26/2016,1/26/2016,1/25/2016,9,Online Social,Web
Treadclimber,CAM48186 DOXFBTSCODE003,,1/26/2016,1/25/2016,2,Online Social,Web
Treadclimber,CAM48186 DOXFBTSCODE003,1/27/2016,1/27/2016,1/25/2016,3,Online Social,Web
Treadclimber,CAM48186 DOXFBTSCODE003,,1/27/2016,1/25/2016,1,Online Social,Web
Treadclimber,CAM48186 DOXFBTSCODE003,1/28/2016,1/28/2016,1/25/2016,7,Online Social,Web
Treadclimber,CAM48186 DOXFBTSCODE003,,1/28/2016,1/25/2016,4,Online Social,Web
Treadclimber,CAM48186 DOXFBTSCODE003,1/29/2016,1/29/2016,1/25/2016,7,Online Social,Web
Treadclimber,CAM48186 DOXFBTSCODE003,,1/29/2016,1/25/2016,5,Online Social,Web
Treadclimber,CAM48186 DOXFBTSCODE003,,1/30/2016,1/25/2016,1,Online Social,Web
Treadclimber,CAM48187 DOXFBTSCODE004,1/25/2016,1/25/2016,1/25/2016,4,Online Social,Web
Treadclimber,CAM48187 DOXFBTSCODE004,1/26/2016,1/26/2016,1/25/2016,4,Online Social,Web
Treadclimber,CAM48187 DOXFBTSCODE004,,1/26/2016,1/25/2016,1,Online Social,Web
Treadclimber,CAM48187 DOXFBTSCODE004,1/27/2016,1/27/2016,1/25/2016,4,Online Social,Web
Treadclimber,CAM48187 DOXFBTSCODE004,,1/27/2016,1/25/2016,3,Online Social,Web
Treadclimber,CAM48187 DOXFBTSCODE004,1/28/2016,1/28/2016,1/25/2016,3,Online Social,Web
Treadclimber,CAM48187 DOXFBTSCODE004,,1/28/2016,1/25/2016,2,Online Social,Web
Treadclimber,CAM48187 DOXFBTSCODE004,1/29/2016,1/29/2016,1/25/2016,3,Online Social,Web
Treadclimber,CAM48187 DOXFBTSCODE004,,1/30/2016,1/25/2016,1,Online Social,Web
Treadclimber,CAM48187 DOXFBTSCODE004,1/31/2016,1/31/2016,1/25/2016,2,Online Social,Web
Treadclimber,CAM48187 DOXFBTSCODE004,,1/31/2016,1/25/2016,2,Online Social,Web
Treadclimber,CAM48188 DOXFBTSCODE005,1/26/2016,1/26/2016,1/25/2016,1,Online Social,Web
Treadclimber,CAM48188 DOXFBTSCODE005,,1/30/2016,1/25/2016,1,Online Social,Web
Bowflex Max Trainer,CAM48200 SAWDOXFBESCODE,1/25/2016,1/25/2016,1/25/2016,1,Online Social,Call Center Internal
Bowflex Max Trainer,CAM48200 SAWDOXFBESCODE,1/26/2016,1/26/2016,1/25/2016,2,Online Social,Call Center Internal
Bowflex Max Trainer,CAM48200 SAWDOXFBESCODE,,1/26/2016,1/25/2016,2,Online Social,Call Center Internal
Treadclimber,CAM48200 SAWDOXFBESCODE,,1/26/2016,1/25/2016,1,Online Social,Call Center Internal
Bowflex Max Trainer,CAM48200 SAWDOXFBESCODE,1/27/2016,1/27/2016,1/25/2016,1,Online Social,Call Center Internal
Treadclimber,CAM48200 SAWDOXFBESCODE,,1/27/2016,1/25/2016,1,Online Social,Call Center Internal
Bowflex Max Trainer,CAM48200 SAWDOXFBESCODE,,1/28/2016,1/25/2016,1,Online Social,Call Center Internal
Bowflex Max Trainer,CAM48200 SAWDOXFBESCODE,1/29/2016,1/29/2016,1/25/2016,1,Online Social,Call Center Internal
Bowflex Max Trainer,CAM48200 SAWDOXFBESCODE,,1/29/2016,1/25/2016,1,Online Social,Call Center Internal
Bowflex Max Trainer,CAM48200 SAWDOXFBESCODE,,1/30/2016,1/25/2016,1,Online Social,Call Center Internal
Bowflex Max Trainer,CAM48200 SAWDOXFBESCODE,1/31/2016,1/31/2016,1/25/2016,1,Online Social,Call Center Internal
Bowflex Max Trainer,CAM48200 SAWDOXFBESCODE,,1/31/2016,1/25/2016,1,Online Social,Call Center Internal
Treadclimber,CAM48200 SAWDOXFBESCODE,,1/31/2016,1/25/2016,1,Online Social,Call Center Internal
Bowflex Max Trainer,CAM48200 SAWDOXFBESCODE,,1/25/2016,1/25/2016,2,Online Social,Third Party Call Center - Evolve
Treadclimber,CAM48200 SAWDOXFBESCODE,,1/25/2016,1/25/2016,1,Online Social,Third Party Call Center - Evolve
Bowflex Max Trainer,CAM48200 SAWDOXFBESCODE,,1/31/2016,1/25/2016,1,Online Social,Third Party Call Center - Evolve
Bowflex Max Trainer,CAM48201 DOXFBESCODE001,1/25/2016,1/25/2016,1/25/2016,3,Online Social,Web
Bowflex Max Trainer,CAM48201 DOXFBESCODE001,,1/25/2016,1/25/2016,7,Online Social,Web
Bowflex Max Trainer,CAM48201 DOXFBESCODE001,1/26/2016,1/26/2016,1/25/2016,11,Online Social,Web
Bowflex Max Trainer,CAM48201 DOXFBESCODE001,2/2/2016,1/26/2016,1/25/2016,1,Online Social,Web
Bowflex Max Trainer,CAM48201 DOXFBESCODE001,,1/26/2016,1/25/2016,7,Online Social,Web
Bowflex Max Trainer,CAM48201 DOXFBESCODE001,1/27/2016,1/27/2016,1/25/2016,2,Online Social,Web
Bowflex Max Trainer,CAM48201 DOXFBESCODE001,,1/27/2016,1/25/2016,7,Online Social,Web
Bowflex Max Trainer,CAM48201 DOXFBESCODE001,1/28/2016,1/28/2016,1/25/2016,4,Online Social,Web
Bowflex Max Trainer,CAM48201 DOXFBESCODE001,,1/28/2016,1/25/2016,14,Online Social,Web
Treadclimber,CAM48201 DOXFBESCODE001,,1/28/2016,1/25/2016,2,Online Social,Web
Bowflex Max Trainer,CAM48201 DOXFBESCODE001,1/29/2016,1/29/2016,1/25/2016,12,Online Social,Web
Bowflex Max Trainer,CAM48201 DOXFBESCODE001,,1/29/2016,1/25/2016,5,Online Social,Web
Treadclimber,CAM48201 DOXFBESCODE001,,1/29/2016,1/25/2016,1,Online Social,Web
Bowflex Max Trainer,CAM48201 DOXFBESCODE001,1/30/2016,1/30/2016,1/25/2016,6,Online Social,Web
Bowflex Max Trainer,CAM48201 DOXFBESCODE001,2/7/2016,1/30/2016,1/25/2016,1,Online Social,Web
Bowflex Max Trainer,CAM48201 DOXFBESCODE001,,1/30/2016,1/25/2016,9,Online Social,Web
Bowflex Max Trainer,CAM48201 DOXFBESCODE001,1/31/2016,1/31/2016,1/25/2016,11,Online Social,Web
Bowflex Max Trainer,CAM48201 DOXFBESCODE001,2/1/2016,1/31/2016,1/25/2016,1,Online Social,Web
Bowflex Body,CAM48201 DOXFBESCODE001,,1/31/2016,1/25/2016,1,Online Social,Web
Bowflex Max Trainer,CAM48201 DOXFBESCODE001,,1/31/2016,1/25/2016,18,Online Social,Web
Treadclimber,CAM48201 DOXFBESCODE001,,1/31/2016,1/25/2016,3,Online Social,Web
Treadclimber,CAM48202 DOXFBESCODE002,,1/29/2016,1/25/2016,1,Online Social,Call Center Internal
Bowflex Max Trainer,CAM48202 DOXFBESCODE002,1/25/2016,1/25/2016,1/25/2016,10,Online Social,Web
Bowflex Max Trainer,CAM48202 DOXFBESCODE002,2/10/2016,1/25/2016,1/25/2016,1,Online Social,Web
Bowflex Max Trainer,CAM48202 DOXFBESCODE002,,1/25/2016,1/25/2016,23,Online Social,Web
Bowflex Max Trainer,CAM48202 DOXFBESCODE002,1/26/2016,1/26/2016,1/25/2016,12,Online Social,Web
Bowflex Max Trainer,CAM48202 DOXFBESCODE002,1/28/2016,1/26/2016,1/25/2016,1,Online Social,Web
Bowflex Max Trainer,CAM48202 DOXFBESCODE002,,1/26/2016,1/25/2016,24,Online Social,Web
Treadclimber,CAM48202 DOXFBESCODE002,,1/26/2016,1/25/2016,1,Online Social,Web
Bowflex Max Trainer,CAM48202 DOXFBESCODE002,1/27/2016,1/27/2016,1/25/2016,5,Online Social,Web
Bowflex Max Trainer,CAM48202 DOXFBESCODE002,,1/27/2016,1/25/2016,21,Online Social,Web
Treadclimber,CAM48202 DOXFBESCODE002,,1/27/2016,1/25/2016,1,Online Social,Web
Bowflex Max Trainer,CAM48202 DOXFBESCODE002,1/28/2016,1/28/2016,1/25/2016,5,Online Social,Web
Bowflex Max Trainer,CAM48202 DOXFBESCODE002,,1/28/2016,1/25/2016,11,Online Social,Web
Treadclimber,CAM48202 DOXFBESCODE002,,1/28/2016,1/25/2016,1,Online Social,Web
Bowflex Max Trainer,CAM48202 DOXFBESCODE002,1/29/2016,1/29/2016,1/25/2016,11,Online Social,Web
Bowflex Max Trainer,CAM48202 DOXFBESCODE002,,1/29/2016,1/25/2016,25,Online Social,Web
Treadclimber,CAM48202 DOXFBESCODE002,,1/29/2016,1/25/2016,3,Online Social,Web
Bowflex Max Trainer,CAM48202 DOXFBESCODE002,1/30/2016,1/30/2016,1/25/2016,18,Online Social,Web
Bowflex Max Trainer,CAM48202 DOXFBESCODE002,,1/30/2016,1/25/2016,33,Online Social,Web
Treadclimber,CAM48202 DOXFBESCODE002,,1/30/2016,1/25/2016,1,Online Social,Web
Bowflex Max Trainer,CAM48202 DOXFBESCODE002,1/31/2016,1/31/2016,1/25/2016,20,Online Social,Web
Bowflex Max Trainer,CAM48202 DOXFBESCODE002,2/3/2016,1/31/2016,1/25/2016,1,Online Social,Web
Bowflex Max Trainer,CAM48202 DOXFBESCODE002,,1/31/2016,1/25/2016,37,Online Social,Web
Treadclimber,CAM48202 DOXFBESCODE002,,1/31/2016,1/25/2016,3,Online Social,Web
Bowflex Max Trainer,CAM48203 DOXFBESCODE003,1/25/2016,1/25/2016,1/25/2016,6,Online Social,Web
Bowflex Max Trainer,CAM48203 DOXFBESCODE003,,1/25/2016,1/25/2016,3,Online Social,Web
Bowflex Max Trainer,CAM48203 DOXFBESCODE003,1/26/2016,1/26/2016,1/25/2016,9,Online Social,Web
Bowflex Max Trainer,CAM48203 DOXFBESCODE003,,1/26/2016,1/25/2016,2,Online Social,Web
Bowflex Max Trainer,CAM48203 DOXFBESCODE003,1/27/2016,1/27/2016,1/25/2016,8,Online Social,Web
Bowflex Max Trainer,CAM48203 DOXFBESCODE003,1/29/2016,1/28/2016,1/25/2016,1,Online Social,Web
Bowflex Max Trainer,CAM48203 DOXFBESCODE003,1/29/2016,1/29/2016,1/25/2016,5,Online Social,Web
Bowflex Max Trainer,CAM48203 DOXFBESCODE003,,1/29/2016,1/25/2016,2,Online Social,Web
Bowflex Max Trainer,CAM48203 DOXFBESCODE003,1/30/2016,1/30/2016,1/25/2016,6,Online Social,Web
Bowflex Max Trainer,CAM48204 DOXFBESCODE004,1/25/2016,1/25/2016,1/25/2016,11,Online Social,Web
Bowflex Max Trainer,CAM48204 DOXFBESCODE004,,1/25/2016,1/25/2016,2,Online Social,Web
Bowflex Max Trainer,CAM48204 DOXFBESCODE004,1/26/2016,1/26/2016,1/25/2016,3,Online Social,Web
Bowflex Max Trainer,CAM48204 DOXFBESCODE004,,1/26/2016,1/25/2016,4,Online Social,Web
Bowflex Max Trainer,CAM48204 DOXFBESCODE004,1/27/2016,1/27/2016,1/25/2016,6,Online Social,Web
Bowflex Max Trainer,CAM48204 DOXFBESCODE004,,1/27/2016,1/25/2016,4,Online Social,Web
Bowflex Max Trainer,CAM48204 DOXFBESCODE004,1/28/2016,1/28/2016,1/25/2016,4,Online Social,Web
Bowflex Max Trainer,CAM48204 DOXFBESCODE004,,1/28/2016,1/25/2016,4,Online Social,Web
Treadclimber,CAM48204 DOXFBESCODE004,,1/28/2016,1/25/2016,1,Online Social,Web
Bowflex Max Trainer,CAM48204 DOXFBESCODE004,1/29/2016,1/29/2016,1/25/2016,5,Online Social,Web
Bowflex Max Trainer,CAM48204 DOXFBESCODE004,,1/29/2016,1/25/2016,5,Online Social,Web
Bowflex Max Trainer,CAM48204 DOXFBESCODE004,1/30/2016,1/30/2016,1/25/2016,2,Online Social,Web
Bowflex Max Trainer,CAM48204 DOXFBESCODE004,,1/30/2016,1/25/2016,5,Online Social,Web
Bowflex Max Trainer,CAM48204 DOXFBESCODE004,1/31/2016,1/31/2016,1/25/2016,5,Online Social,Web
Bowflex Max Trainer,CAM48204 DOXFBESCODE004,,1/31/2016,1/25/2016,8,Online Social,Web
Treadclimber,CAM48204 DOXFBESCODE004,,1/31/2016,1/25/2016,1,Online Social,Web
Bowflex Max Trainer,CAM48205 DOXFBESCODE005,,1/25/2016,1/25/2016,1,Online Social,Web
Bowflex Max Trainer,CAM48205 DOXFBESCODE005,1/28/2016,1/28/2016,1/25/2016,2,Online Social,Web
Bowflex Max Trainer,CAM48205 DOXFBESCODE005,1/30/2016,1/30/2016,1/25/2016,1,Online Social,Web
Bowflex Max Trainer,CAM48205 DOXFBESCODE005,1/31/2016,1/31/2016,1/25/2016,1,Online Social,Web
Bowflex Selecttech Dumbbells,CAM48207 DOXFBDSCODE001,1/25/2016,1/25/2016,1/25/2016,1,Online Social,Web
Bowflex Selecttech Dumbbells,CAM48207 DOXFBDSCODE001,1/26/2016,1/26/2016,1/25/2016,1,Online Social,Web
Bowflex Selecttech Dumbbells,CAM48207 DOXFBDSCODE001,,1/26/2016,1/25/2016,1,Online Social,Web
Bowflex Selecttech Dumbbells,CAM48207 DOXFBDSCODE001,1/27/2016,1/27/2016,1/25/2016,1,Online Social,Web
Bowflex Selecttech Dumbbells,CAM48207 DOXFBDSCODE001,1/30/2016,1/30/2016,1/25/2016,1,Online Social,Web
Bowflex Selecttech Dumbbells,CAM48208 DOXFBDSCODE002,1/25/2016,1/25/2016,1/25/2016,1,Online Social,Web
Bowflex Selecttech Dumbbells,CAM48208 DOXFBDSCODE002,,1/25/2016,1/25/2016,3,Online Social,Web
Bowflex Selecttech Dumbbells,CAM48208 DOXFBDSCODE002,1/26/2016,1/26/2016,1/25/2016,5,Online Social,Web
Bowflex Selecttech Dumbbells,CAM48208 DOXFBDSCODE002,,1/26/2016,1/25/2016,2,Online Social,Web
Bowflex Home Gyms,CAM48208 DOXFBDSCODE002,,1/27/2016,1/25/2016,1,Online Social,Web
Bowflex Selecttech Dumbbells,CAM48208 DOXFBDSCODE002,,1/27/2016,1/25/2016,2,Online Social,Web
Bowflex Selecttech Dumbbells,CAM48208 DOXFBDSCODE002,1/28/2016,1/28/2016,1/25/2016,1,Online Social,Web
Bowflex Selecttech Dumbbells,CAM48208 DOXFBDSCODE002,,1/28/2016,1/25/2016,1,Online Social,Web
Bowflex Selecttech Dumbbells,CAM48208 DOXFBDSCODE002,1/29/2016,1/29/2016,1/25/2016,1,Online Social,Web
Bowflex Selecttech Dumbbells,CAM48208 DOXFBDSCODE002,,1/29/2016,1/25/2016,3,Online Social,Web
Bowflex Selecttech Dumbbells,CAM48208 DOXFBDSCODE002,1/30/2016,1/30/2016,1/25/2016,2,Online Social,Web
Bowflex Selecttech Dumbbells,CAM48208 DOXFBDSCODE002,,1/30/2016,1/25/2016,2,Online Social,Web
Bowflex Selecttech Dumbbells,CAM48208 DOXFBDSCODE002,1/31/2016,1/31/2016,1/25/2016,2,Online Social,Web
Bowflex Selecttech Dumbbells,CAM48208 DOXFBDSCODE002,,1/31/2016,1/25/2016,1,Online Social,Web
Bowflex Selecttech Dumbbells,CAM48210 DOXFBDSCODE004,1/25/2016,1/25/2016,1/25/2016,1,Online Social,Web
Bowflex Selecttech Dumbbells,CAM48210 DOXFBDSCODE004,,1/26/2016,1/25/2016,1,Online Social,Web
Bowflex Selecttech Dumbbells,CAM48210 DOXFBDSCODE004,1/29/2016,1/29/2016,1/25/2016,1,Online Social,Web
Bowflex Selecttech Dumbbells,CAM48210 DOXFBDSCODE004,1/30/2016,1/30/2016,1/25/2016,1,Online Social,Web
Bowflex Home Gyms,CAM48213 DOXFBGSCODE001,1/30/2016,1/30/2016,1/25/2016,1,Online Social,Web
Bowflex Home Gyms,CAM48214 DOXFBGSCODE002,1/26/2016,1/26/2016,1/25/2016,2,Online Social,Web
Bowflex Home Gyms,CAM48214 DOXFBGSCODE002,2/17/2016,1/26/2016,1/25/2016,1,Online Social,Web
Bowflex Home Gyms,CAM48214 DOXFBGSCODE002,1/27/2016,1/27/2016,1/25/2016,1,Online Social,Web
Bowflex Home Gyms,CAM48214 DOXFBGSCODE002,1/31/2016,1/31/2016,1/25/2016,1,Online Social,Web
Bowflex Home Gyms,CAM48215 DOXFBGSCODE003,1/31/2016,1/31/2016,1/25/2016,1,Online Social,Web
Bowflex Home Gyms,CAM48216 DOXFBGSCODE004,,1/25/2016,1/25/2016,1,Online Social,Web
Bowflex Home Gyms,CAM48216 DOXFBGSCODE004,1/28/2016,1/28/2016,1/25/2016,1,Online Social,Web
Bowflex Home Gyms,CAM48216 DOXFBGSCODE004,,1/28/2016,1/25/2016,1,Online Social,Web
Bowflex Home Gyms,CAM48216 DOXFBGSCODE004,1/29/2016,1/29/2016,1/25/2016,1,Online Social,Web
Bowflex Home Gyms,CAM48216 DOXFBGSCODE004,1/31/2016,1/31/2016,1/25/2016,1,Online Social,Web
Bowflex Home Gyms,CAM48217 DOXFBGSCODE005,1/25/2016,1/25/2016,1/25/2016,1,Online Social,Web
Bowflex Home Gyms,CAM48217 DOXFBGSCODE005,,1/31/2016,1/25/2016,2,Online Social,Web
Treadclimber,CAM48548 DOXFBGSCODESTRLP,,1/26/2016,1/25/2016,1,Online Social,Web
Bowflex Max Trainer,CAM48641 DOXFBESCODEBF15A,1/30/2016,1/30/2016,1/25/2016,1,Online Social,Web
Treadclimber,CAM39152 dovhulutvl1,1/25/2016,1/25/2016,1/25/2016,1,Online Video,Web
Bowflex Max Trainer,CAM45400 DOVHULUEVL1,1/28/2016,1/28/2016,1/25/2016,5,Online Video,Web
Bowflex Max Trainer,CAM45400 DOVHULUEVL1,,1/28/2016,1/25/2016,2,Online Video,Web
Treadclimber,CAM45400 DOVHULUEVL1,,1/28/2016,1/25/2016,1,Online Video,Web
Bowflex Max Trainer,CAM45400 DOVHULUEVL1,1/29/2016,1/29/2016,1/25/2016,7,Online Video,Web
Bowflex Max Trainer,CAM45400 DOVHULUEVL1,1/30/2016,1/30/2016,1/25/2016,11,Online Video,Web
Bowflex Max Trainer,CAM45400 DOVHULUEVL1,1/31/2016,1/31/2016,1/25/2016,9,Online Video,Web
Bowflex Max Trainer,CAM47606 DOVHULUEVL5,1/29/2016,1/29/2016,1/25/2016,1,Online Video,Call Center Internal
Bowflex Max Trainer,CAM47606 DOVHULUEVL5,1/25/2016,1/25/2016,1/25/2016,4,Online Video,Web
Bowflex Max Trainer,CAM47606 DOVHULUEVL5,,1/25/2016,1/25/2016,3,Online Video,Web
Bowflex Max Trainer,CAM47606 DOVHULUEVL5,1/26/2016,1/26/2016,1/25/2016,2,Online Video,Web
Bowflex Max Trainer,CAM47606 DOVHULUEVL5,1/27/2016,1/27/2016,1/25/2016,5,Online Video,Web
Bowflex Max Trainer,CAM47606 DOVHULUEVL5,1/28/2016,1/28/2016,1/25/2016,5,Online Video,Web
Bowflex Max Trainer,CAM47606 DOVHULUEVL5,1/29/2016,1/29/2016,1/25/2016,3,Online Video,Web
Bowflex Max Trainer,CAM47606 DOVHULUEVL5,1/30/2016,1/30/2016,1/25/2016,2,Online Video,Web
Bowflex Max Trainer,CAM47606 DOVHULUEVL5,1/31/2016,1/31/2016,1/25/2016,1,Online Video,Web
Bowflex Max Trainer,CAM47615 DOVHULUEVL4,1/25/2016,1/25/2016,1/25/2016,2,Online Video,Web
Bowflex Max Trainer,CAM47615 DOVHULUEVL4,1/26/2016,1/26/2016,1/25/2016,3,Online Video,Web
Bowflex Max Trainer,CAM47615 DOVHULUEVL4,1/27/2016,1/27/2016,1/25/2016,10,Online Video,Web
Bowflex Max Trainer,CAM47615 DOVHULUEVL4,1/28/2016,1/28/2016,1/25/2016,4,Online Video,Web
Bowflex Max Trainer,CAM47615 DOVHULUEVL4,1/30/2016,1/30/2016,1/25/2016,1,Online Video,Web
Bowflex Max Trainer,CAM47615 DOVHULUEVL4,1/31/2016,1/31/2016,1/25/2016,1,Online Video,Web
Treadclimber,CAM47356 P0415WMNWRLDCOLL,1/30/2016,1/30/2016,1/25/2016,1,Print,Call Center Internal
Treadclimber,CAM47649 P0715WEWATPDXPURP,,1/25/2016,1/25/2016,1,Print,Call Center Internal
Treadclimber,CAM47649 P0715WEWATPDXPURP,1/31/2016,1/31/2016,1/25/2016,1,Print,Call Center Internal
Treadclimber,CAM47826 P08151STWMNPDXPURP,1/25/2016,1/25/2016,1/25/2016,1,Print,Call Center Internal
Treadclimber,CAM48106 P1115WEWATTC20B,1/28/2016,1/28/2016,1/25/2016,1,Print,Call Center Internal
Treadclimber,CAM48177 P1115WEBMDDCOLBDY,1/28/2016,1/28/2016,1/25/2016,1,Print,Call Center Internal
Treadclimber,CAM48177 P1115WEBMDDCOLBDY,1/29/2016,1/29/2016,1/25/2016,1,Print,Call Center Internal
Treadclimber,CAM48326 P1115ADATCSCOLL,,1/30/2016,1/25/2016,1,Print,Call Center Internal
Bowflex Selecttech Dumbbells,CAM48360 P0116FAMCIRONSRT,,1/30/2016,1/25/2016,1,Print,Call Center Internal
Treadclimber,CAM48360 P0116FAMCIRONSRT,1/28/2016,1/28/2016,1/25/2016,1,Print,Third Party Call Center - Evolve
Bowflex Max Trainer,CAM48434 P0116PLAYBOYMPBN,1/27/2016,1/27/2016,1/25/2016,1,Print,Call Center Internal
Bowflex Max Trainer,CAM48435 P0116PLAYBOYALEX,1/31/2016,1/31/2016,1/25/2016,1,Print,Call Center Internal
Treadclimber,CAM48527 P0116WEWATBOOKP,1/27/2016,1/27/2016,1/25/2016,1,Print,Call Center Internal
Treadclimber,CAM48545 P1215TVGUIDCSYPF,1/25/2016,1/25/2016,1/25/2016,1,Print,Call Center Internal
Treadclimber,CAM48545 P1215TVGUIDCSYPF,,1/28/2016,1/25/2016,1,Print,Call Center Internal
Treadclimber,CAM48545 P1215TVGUIDCSYPF,1/30/2016,1/30/2016,1/25/2016,1,Print,Call Center Internal
Bowflex Max Trainer,CAM48553 P0216MAXIMMPAB,1/27/2016,1/27/2016,1/25/2016,1,Print,Call Center Internal
Bowflex Max Trainer,CAM48553 P0216MAXIMMPAB,1/30/2016,1/30/2016,1/25/2016,2,Print,Call Center Internal
Bowflex Max Trainer,CAM48554 P0216MAXIMALEX,1/30/2016,1/30/2016,1/25/2016,1,Print,Call Center Internal
Bowflex Max Trainer,CAM48554 P0216MAXIMALEX,2/23/2016,1/30/2016,1/25/2016,1,Print,Call Center Internal
Treadclimber,CAM48554 P0216MAXIMALEX,,1/30/2016,1/25/2016,1,Print,Call Center Internal
Bowflex Max Trainer,CAM48554 P0216MAXIMALEX,1/27/2016,1/27/2016,1/25/2016,1,Print,Third Party Call Center - Evolve
Treadclimber,CAM48585 P0116MENSFITNICKB,1/29/2016,1/29/2016,1/25/2016,1,Print,Call Center Internal
Treadclimber,CAM48585 P0116MENSFITNICKB,1/30/2016,1/30/2016,1/25/2016,1,Print,Call Center Internal
Treadclimber,CAM48586 P0116WEBMDCSYFW,1/25/2016,1/25/2016,1/25/2016,2,Print,Call Center Internal
Treadclimber,CAM48586 P0116WEBMDCSYFW,1/28/2016,1/28/2016,1/25/2016,1,Print,Call Center Internal
Treadclimber,CAM48586 P0116WEBMDCSYFW,1/29/2016,1/29/2016,1/25/2016,3,Print,Call Center Internal
Treadclimber,CAM48717 P0116PEOPLENICBR,1/26/2016,1/26/2016,1/25/2016,1,Print,Call Center Internal
Treadclimber,CAM48717 P0116PEOPLENICBR,1/27/2016,1/27/2016,1/25/2016,1,Print,Call Center Internal
Treadclimber,CAM48717 P0116PEOPLENICBR,1/29/2016,1/29/2016,1/25/2016,1,Print,Call Center Internal
Treadclimber,CAM35182 CENTN60*STRTC***,1/29/2016,1/29/2016,1/25/2016,1,Short Form,Call Center Internal
Treadclimber,CAM44348 UPTVN120JNYNYTIC,1/31/2016,1/31/2016,1/25/2016,1,Short Form,Call Center Internal
Treadclimber,CAM44350 HALMN120JNYNYTIC,1/28/2016,1/28/2016,1/25/2016,1,Short Form,Third Party Call Center - Evolve
Treadclimber,CAM44651 SUNDN120GRT2HTIC,,1/28/2016,1/25/2016,1,Short Form,Call Center Internal
Treadclimber,CAM45163 CMGGP60*GRT2HWST,1/26/2016,1/26/2016,1/25/2016,1,Short Form,Third Party Call Center - West
Bowflex Max Trainer,CAM46348 M612P60*NOTSTTIC,1/28/2016,1/27/2016,1/25/2016,1,Short Form,Third Party Call Center - West
Bowflex Max Trainer,CAM46348 M612P60*NOTSTTIC,1/30/2016,1/30/2016,1/25/2016,1,Short Form,Third Party Call Center - West
Bowflex Max Trainer,CAM46353 M617P60*NOTSTTIC,1/25/2016,1/25/2016,1/25/2016,1,Short Form,Third Party Call Center - West
Bowflex Max Trainer,CAM46353 M617P60*NOTSTTIC,1/26/2016,1/26/2016,1/25/2016,2,Short Form,Third Party Call Center - West
Bowflex Max Trainer,CAM46353 M617P60*NOTSTTIC,1/28/2016,1/28/2016,1/25/2016,3,Short Form,Third Party Call Center - West
Bowflex Max Trainer,CAM46353 M617P60*NOTSTTIC,1/29/2016,1/29/2016,1/25/2016,1,Short Form,Third Party Call Center - West
Bowflex Max Trainer,CAM46353 M617P60*NOTSTTIC,1/30/2016,1/30/2016,1/25/2016,1,Short Form,Third Party Call Center - West
Bowflex Max Trainer,CAM46353 M617P60*NOTSTTIC,1/31/2016,1/31/2016,1/25/2016,1,Short Form,Third Party Call Center - West
Bowflex Max Trainer,CAM46355 M619P60*NOTSTTIC,1/28/2016,1/28/2016,1/25/2016,1,Short Form,Third Party Call Center - West
Treadclimber,CAM46721 LMN*N60*WLKNYTIC,1/27/2016,1/27/2016,1/25/2016,1,Short Form,Third Party Call Center - Evolve
Treadclimber,CAM46964 INSPN180ALOHATIC,1/25/2016,1/25/2016,1/25/2016,1,Short Form,Call Center Internal
Bowflex Max Trainer,CAM47397 GOLFN60*HAMF*TIC,1/27/2016,1/27/2016,1/25/2016,1,Short Form,Call Center Internal
Treadclimber,CAM47664 NT19P60*ALOHATIC,1/25/2016,1/25/2016,1/25/2016,1,Short Form,Third Party Call Center - West
Bowflex Max Trainer,CAM47833 GRITN120HAMBYTIC,1/27/2016,1/27/2016,1/25/2016,1,Short Form,Call Center Internal
Treadclimber,CAM48261 HMM*N120KMV**TIC,1/28/2016,1/28/2016,1/25/2016,1,Short Form,Call Center Internal
Bowflex Max Trainer,CAM48295 SUNDN120JACKDTIC,1/26/2016,1/26/2016,1/25/2016,1,Short Form,Call Center Internal
Bowflex Max Trainer,CAM48298 VEL*N120JACKDTIC,1/28/2016,1/28/2016,1/25/2016,1,Short Form,Call Center Internal
Bowflex Max Trainer,CAM48302 ION*N120JACKDTIC,1/27/2016,1/27/2016,1/25/2016,1,Short Form,Third Party Call Center - Evolve
Bowflex Max Trainer,CAM48304 RELZN120JACKDTIC,1/25/2016,1/25/2016,1/25/2016,4,Short Form,Third Party Call Center - Evolve
Bowflex Max Trainer,CAM48304 RELZN120JACKDTIC,,1/25/2016,1/25/2016,1,Short Form,Third Party Call Center - Evolve
Bowflex Max Trainer,CAM48304 RELZN120JACKDTIC,1/27/2016,1/27/2016,1/25/2016,1,Short Form,Third Party Call Center - Evolve
Bowflex Max Trainer,CAM48304 RELZN120JACKDTIC,1/25/2016,1/25/2016,1/25/2016,1,Short Form,Third Party Call Center - West
Bowflex Max Trainer,CAM48306 GRITN120JACKDTIC,1/25/2016,1/25/2016,1/25/2016,1,Short Form,Third Party Call Center - Evolve
Bowflex Max Trainer,CAM48306 GRITN120JACKDTIC,,1/26/2016,1/25/2016,1,Short Form,Third Party Call Center - Evolve
Bowflex Max Trainer,CAM48310 VEL*N180JACKDTIC,1/25/2016,1/25/2016,1/25/2016,1,Short Form,Call Center Internal
Bowflex Max Trainer,CAM48310 VEL*N180JACKDTIC,1/26/2016,1/26/2016,1/25/2016,1,Short Form,Call Center Internal
Bowflex Max Trainer,CAM48311 HIS2N180JACKDTIC,1/25/2016,1/25/2016,1/25/2016,1,Short Form,Third Party Call Center - Evolve
Bowflex Max Trainer,CAM48311 HIS2N180JACKDTIC,,1/25/2016,1/25/2016,1,Short Form,Third Party Call Center - Evolve
Bowflex Max Trainer,CAM48312 OWN*N180JACKDTIC,1/31/2016,1/31/2016,1/25/2016,1,Short Form,Third Party Call Center - Evolve
Bowflex Max Trainer,CAM48314 VH1CN180JACKDTIC,1/29/2016,1/29/2016,1/25/2016,1,Short Form,Call Center Internal
Bowflex Max Trainer,CAM48323 DISMN60*JACKDTIC,1/25/2016,1/25/2016,1/25/2016,1,Short Form,Call Center Internal
Treadclimber,CAM48415 ACNNL60*HKINGTIC,1/30/2016,1/30/2016,1/25/2016,1,Short Form,Call Center Internal
Treadclimber,CAM48415 ACNNL60*HKINGTIC,1/31/2016,1/31/2016,1/25/2016,1,Short Form,Call Center Internal
Treadclimber,CAM48417 AHALL60*HKINGTIC,1/27/2016,1/27/2016,1/25/2016,2,Short Form,Call Center Internal
Treadclimber,CAM48417 AHALL60*HKINGTIC,1/31/2016,1/31/2016,1/25/2016,2,Short Form,Call Center Internal
Treadclimber,CAM48417 AHALL60*HKINGTIC,1/30/2016,1/30/2016,1/25/2016,1,Short Form,Third Party Call Center - Evolve
Treadclimber,CAM48419 ATBSL60*HKINGTIC,1/26/2016,1/26/2016,1/25/2016,2,Short Form,Call Center Internal
Treadclimber,CAM48419 ATBSL60*HKINGTIC,1/27/2016,1/27/2016,1/25/2016,1,Short Form,Call Center Internal
Treadclimber,CAM48419 ATBSL60*HKINGTIC,1/29/2016,1/29/2016,1/25/2016,1,Short Form,Call Center Internal
Treadclimber,CAM48419 ATBSL60*HKINGTIC,1/30/2016,1/30/2016,1/25/2016,1,Short Form,Call Center Internal
Treadclimber,CAM48421 ATVLL60*HKINGTIC,1/25/2016,1/25/2016,1/25/2016,2,Short Form,Call Center Internal
Treadclimber,CAM48421 ATVLL60*HKINGTIC,1/26/2016,1/26/2016,1/25/2016,2,Short Form,Call Center Internal
Treadclimber,CAM48421 ATVLL60*HKINGTIC,1/27/2016,1/27/2016,1/25/2016,1,Short Form,Call Center Internal
Treadclimber,CAM48421 ATVLL60*HKINGTIC,1/28/2016,1/28/2016,1/25/2016,1,Short Form,Call Center Internal
Treadclimber,CAM48421 ATVLL60*HKINGTIC,1/30/2016,1/30/2016,1/25/2016,1,Short Form,Call Center Internal
Treadclimber,CAM48423 ALIFL60*HKINGTIC,1/30/2016,1/30/2016,1/25/2016,1,Short Form,Call Center Internal
Treadclimber,CAM48423 ALIFL60*HKINGTIC,1/31/2016,1/31/2016,1/25/2016,2,Short Form,Call Center Internal
Treadclimber,CAM48424 AESPL60*HKINGTIC,1/31/2016,1/31/2016,1/25/2016,1,Short Form,Call Center Internal
Treadclimber,CAM48425 AHGTL60*HKINGTIC,1/25/2016,1/25/2016,1/25/2016,2,Short Form,Call Center Internal
Treadclimber,CAM48425 AHGTL60*HKINGTIC,1/28/2016,1/28/2016,1/25/2016,1,Short Form,Call Center Internal
Bowflex Max Trainer,CAM48427 CSISN120JACKDTIC,1/25/2016,1/25/2016,1/25/2016,1,Short Form,Call Center Internal
Bowflex Max Trainer,CAM48427 CSISN120JACKDTIC,1/29/2016,1/29/2016,1/25/2016,1,Short Form,Call Center Internal
Bowflex Max Trainer,CAM48437 ARTSN60*JACKDTIC,1/29/2016,1/29/2016,1/25/2016,1,Short Form,Call Center Internal
Bowflex Max Trainer,CAM48437 ARTSN60*JACKDTIC,1/30/2016,1/30/2016,1/25/2016,2,Short Form,Call Center Internal
Bowflex Max Trainer,CAM48438 SCFIN60*JACKDTIC,,1/27/2016,1/25/2016,1,Short Form,Call Center Internal
Bowflex Max Trainer,CAM48438 SCFIN60*JACKDTIC,1/28/2016,1/28/2016,1/25/2016,1,Short Form,Call Center Internal
Bowflex Max Trainer,CAM48446 TMZSS60*JACKDTIC,,1/28/2016,1/25/2016,1,Short Form,Call Center Internal
Bowflex Max Trainer,CAM48448 GMASN60*JACKDTIC,1/31/2016,1/31/2016,1/25/2016,1,Short Form,Call Center Internal
Bowflex Max Trainer,CAM48461 CMUSN60*JACKDTIC,,1/28/2016,1/25/2016,1,Short Form,Call Center Internal
Treadclimber,CAM48461 CMUSN60*JACKDTIC,,1/28/2016,1/25/2016,1,Short Form,Call Center Internal
Treadclimber,CAM48483 LIFEN60*HKINGTIC,1/30/2016,1/30/2016,1/25/2016,1,Short Form,Call Center Internal
Treadclimber,CAM48484 HALLN60*HKINGTIC,1/29/2016,1/29/2016,1/25/2016,1,Short Form,Call Center Internal
Treadclimber,CAM48486 IDISN60*HKINGTIC,1/25/2016,1/25/2016,1/25/2016,2,Short Form,Call Center Internal
Treadclimber,CAM48486 IDISN60*HKINGTIC,1/27/2016,1/27/2016,1/25/2016,1,Short Form,Call Center Internal
Treadclimber,CAM48486 IDISN60*HKINGTIC,1/28/2016,1/28/2016,1/25/2016,6,Short Form,Call Center Internal
Treadclimber,CAM48486 IDISN60*HKINGTIC,1/29/2016,1/29/2016,1/25/2016,6,Short Form,Call Center Internal
Treadclimber,CAM48486 IDISN60*HKINGTIC,1/30/2016,1/30/2016,1/25/2016,12,Short Form,Call Center Internal
Treadclimber,CAM48495 UPTVN120HKINGTIC,1/28/2016,1/28/2016,1/25/2016,4,Short Form,Call Center Internal
Treadclimber,CAM48495 UPTVN120HKINGTIC,1/29/2016,1/29/2016,1/25/2016,1,Short Form,Call Center Internal
Treadclimber,CAM48495 UPTVN120HKINGTIC,1/30/2016,1/30/2016,1/25/2016,3,Short Form,Call Center Internal
Treadclimber,CAM48496 HMM*N120HKINGTIC,1/25/2016,1/25/2016,1/25/2016,4,Short Form,Call Center Internal
Treadclimber,CAM48496 HMM*N120HKINGTIC,3/1/2016,1/25/2016,1/25/2016,1,Short Form,Call Center Internal
Treadclimber,CAM48496 HMM*N120HKINGTIC,,1/25/2016,1/25/2016,1,Short Form,Call Center Internal
Treadclimber,CAM48496 HMM*N120HKINGTIC,1/26/2016,1/26/2016,1/25/2016,2,Short Form,Call Center Internal
Treadclimber,CAM48496 HMM*N120HKINGTIC,1/27/2016,1/27/2016,1/25/2016,5,Short Form,Call Center Internal
Treadclimber,CAM48496 HMM*N120HKINGTIC,,1/27/2016,1/25/2016,1,Short Form,Call Center Internal
Treadclimber,CAM48496 HMM*N120HKINGTIC,1/28/2016,1/28/2016,1/25/2016,3,Short Form,Call Center Internal
Treadclimber,CAM48496 HMM*N120HKINGTIC,1/29/2016,1/29/2016,1/25/2016,1,Short Form,Call Center Internal
Treadclimber,CAM48496 HMM*N120HKINGTIC,1/30/2016,1/30/2016,1/25/2016,3,Short Form,Call Center Internal
Treadclimber,CAM48496 HMM*N120HKINGTIC,1/31/2016,1/31/2016,1/25/2016,6,Short Form,Call Center Internal
Treadclimber,CAM48496 HMM*N120HKINGTIC,1/25/2016,1/25/2016,1/25/2016,4,Short Form,Third Party Call Center - Evolve
Treadclimber,CAM48496 HMM*N120HKINGTIC,1/30/2016,1/30/2016,1/25/2016,1,Short Form,Third Party Call Center - Evolve
Treadclimber,CAM48496 HMM*N120HKINGTIC,1/31/2016,1/31/2016,1/25/2016,2,Short Form,Third Party Call Center - Evolve
Treadclimber,CAM48496 HMM*N120HKINGTIC,1/30/2016,1/30/2016,1/25/2016,2,Short Form,Third Party Call Center - West
Treadclimber,CAM48497 ION*N120HKINGTIC,1/25/2016,1/25/2016,1/25/2016,1,Short Form,Call Center Internal
Treadclimber,CAM48497 ION*N120HKINGTIC,1/26/2016,1/26/2016,1/25/2016,11,Short Form,Call Center Internal
Treadclimber,CAM48497 ION*N120HKINGTIC,1/27/2016,1/27/2016,1/25/2016,13,Short Form,Call Center Internal
Bowflex Max Trainer,CAM48497 ION*N120HKINGTIC,,1/27/2016,1/25/2016,1,Short Form,Call Center Internal
Treadclimber,CAM48497 ION*N120HKINGTIC,,1/27/2016,1/25/2016,1,Short Form,Call Center Internal
Treadclimber,CAM48497 ION*N120HKINGTIC,1/28/2016,1/28/2016,1/25/2016,6,Short Form,Call Center Internal
Treadclimber,CAM48497 ION*N120HKINGTIC,1/29/2016,1/29/2016,1/25/2016,15,Short Form,Call Center Internal
Treadclimber,CAM48497 ION*N120HKINGTIC,1/30/2016,1/30/2016,1/25/2016,11,Short Form,Call Center Internal
Treadclimber,CAM48497 ION*N120HKINGTIC,1/31/2016,1/31/2016,1/25/2016,13,Short Form,Call Center Internal
Treadclimber,CAM48497 ION*N120HKINGTIC,1/28/2016,1/28/2016,1/25/2016,1,Short Form,Third Party Call Center - Evolve
Treadclimber,CAM48497 ION*N120HKINGTIC,1/30/2016,1/30/2016,1/25/2016,7,Short Form,Third Party Call Center - Evolve
Treadclimber,CAM48497 ION*N120HKINGTIC,,1/30/2016,1/25/2016,1,Short Form,Third Party Call Center - Evolve
Treadclimber,CAM48497 ION*N120HKINGTIC,1/31/2016,1/31/2016,1/25/2016,1,Short Form,Third Party Call Center - Evolve
Treadclimber,CAM48497 ION*N120HKINGTIC,1/29/2016,1/29/2016,1/25/2016,1,Short Form,Third Party Call Center - West
Treadclimber,CAM48497 ION*N120HKINGTIC,1/30/2016,1/30/2016,1/25/2016,1,Short Form,Third Party Call Center - West
Treadclimber,CAM48498 INSPN120HKINGTIC,1/25/2016,1/25/2016,1/25/2016,6,Short Form,Call Center Internal
Treadclimber,CAM48498 INSPN120HKINGTIC,1/26/2016,1/26/2016,1/25/2016,1,Short Form,Call Center Internal
Treadclimber,CAM48498 INSPN120HKINGTIC,1/27/2016,1/27/2016,1/25/2016,7,Short Form,Call Center Internal
Treadclimber,CAM48498 INSPN120HKINGTIC,1/28/2016,1/28/2016,1/25/2016,1,Short Form,Call Center Internal
Treadclimber,CAM48498 INSPN120HKINGTIC,1/29/2016,1/29/2016,1/25/2016,3,Short Form,Call Center Internal
Treadclimber,CAM48498 INSPN120HKINGTIC,,1/29/2016,1/25/2016,1,Short Form,Call Center Internal
Treadclimber,CAM48498 INSPN120HKINGTIC,1/30/2016,1/30/2016,1/25/2016,1,Short Form,Call Center Internal
Treadclimber,CAM48498 INSPN120HKINGTIC,1/31/2016,1/31/2016,1/25/2016,4,Short Form,Call Center Internal
Treadclimber,CAM48498 INSPN120HKINGTIC,1/25/2016,1/25/2016,1/25/2016,1,Short Form,Third Party Call Center - Evolve
Treadclimber,CAM48498 INSPN120HKINGTIC,1/26/2016,1/26/2016,1/25/2016,3,Short Form,Third Party Call Center - Evolve
Treadclimber,CAM48498 INSPN120HKINGTIC,1/28/2016,1/28/2016,1/25/2016,6,Short Form,Third Party Call Center - Evolve
Treadclimber,CAM48498 INSPN120HKINGTIC,1/30/2016,1/30/2016,1/25/2016,6,Short Form,Third Party Call Center - Evolve
Treadclimber,CAM48498 INSPN120HKINGTIC,1/31/2016,1/31/2016,1/25/2016,4,Short Form,Third Party Call Center - Evolve
Treadclimber,CAM48498 INSPN120HKINGTIC,1/28/2016,1/28/2016,1/25/2016,5,Short Form,Third Party Call Center - West
Treadclimber,CAM48498 INSPN120HKINGTIC,1/30/2016,1/30/2016,1/25/2016,1,Short Form,Third Party Call Center - West
Treadclimber,CAM48499 SPKEN120HKINGTIC,1/25/2016,1/25/2016,1/25/2016,7,Short Form,Call Center Internal
Treadclimber,CAM48499 SPKEN120HKINGTIC,1/26/2016,1/26/2016,1/25/2016,7,Short Form,Call Center Internal
Treadclimber,CAM48499 SPKEN120HKINGTIC,1/27/2016,1/27/2016,1/25/2016,9,Short Form,Call Center Internal
Treadclimber,CAM48499 SPKEN120HKINGTIC,1/28/2016,1/28/2016,1/25/2016,1,Short Form,Call Center Internal
Treadclimber,CAM48499 SPKEN120HKINGTIC,1/29/2016,1/29/2016,1/25/2016,5,Short Form,Call Center Internal
Treadclimber,CAM48499 SPKEN120HKINGTIC,1/28/2016,1/28/2016,1/25/2016,1,Short Form,Third Party Call Center - Evolve
Treadclimber,CAM48500 FOXNN120HKINGTIC,1/26/2016,1/26/2016,1/25/2016,2,Short Form,Call Center Internal
Treadclimber,CAM48500 FOXNN120HKINGTIC,1/29/2016,1/29/2016,1/25/2016,2,Short Form,Call Center Internal
Treadclimber,CAM48500 FOXNN120HKINGTIC,,1/30/2016,1/25/2016,1,Short Form,Call Center Internal
Treadclimber,CAM48500 FOXNN120HKINGTIC,1/25/2016,1/25/2016,1/25/2016,3,Short Form,Third Party Call Center - Evolve
Treadclimber,CAM48500 FOXNN120HKINGTIC,,1/25/2016,1/25/2016,1,Short Form,Third Party Call Center - Evolve
Treadclimber,CAM48500 FOXNN120HKINGTIC,1/26/2016,1/26/2016,1/25/2016,2,Short Form,Third Party Call Center - Evolve
Treadclimber,CAM48500 FOXNN120HKINGTIC,1/28/2016,1/28/2016,1/25/2016,1,Short Form,Third Party Call Center - Evolve
Treadclimber,CAM48500 FOXNN120HKINGTIC,1/29/2016,1/29/2016,1/25/2016,2,Short Form,Third Party Call Center - Evolve
Treadclimber,CAM48500 FOXNN120HKINGTIC,1/30/2016,1/30/2016,1/25/2016,2,Short Form,Third Party Call Center - Evolve
Treadclimber,CAM48500 FOXNN120HKINGTIC,,1/30/2016,1/25/2016,1,Short Form,Third Party Call Center - Evolve
Treadclimber,CAM48500 FOXNN120HKINGTIC,1/25/2016,1/25/2016,1/25/2016,1,Short Form,Third Party Call Center - West
Treadclimber,CAM48500 FOXNN120HKINGTIC,1/26/2016,1/26/2016,1/25/2016,1,Short Form,Third Party Call Center - West
Treadclimber,CAM48501 METVN120HKINGTIC,1/25/2016,1/25/2016,1/25/2016,1,Short Form,Call Center Internal
Treadclimber,CAM48501 METVN120HKINGTIC,1/26/2016,1/26/2016,1/25/2016,1,Short Form,Call Center Internal
Treadclimber,CAM48501 METVN120HKINGTIC,1/27/2016,1/27/2016,1/25/2016,18,Short Form,Call Center Internal
Treadclimber,CAM48501 METVN120HKINGTIC,2/24/2016,1/27/2016,1/25/2016,1,Short Form,Call Center Internal
Treadclimber,CAM48501 METVN120HKINGTIC,1/28/2016,1/28/2016,1/25/2016,1,Short Form,Call Center Internal
Treadclimber,CAM48501 METVN120HKINGTIC,1/29/2016,1/29/2016,1/25/2016,4,Short Form,Call Center Internal
Treadclimber,CAM48501 METVN120HKINGTIC,1/30/2016,1/30/2016,1/25/2016,8,Short Form,Call Center Internal
Treadclimber,CAM48501 METVN120HKINGTIC,1/31/2016,1/31/2016,1/25/2016,14,Short Form,Call Center Internal
Treadclimber,CAM48501 METVN120HKINGTIC,,1/27/2016,1/25/2016,1,Short Form,Third Party Call Center - Evolve
Treadclimber,CAM48501 METVN120HKINGTIC,1/30/2016,1/30/2016,1/25/2016,1,Short Form,Third Party Call Center - Evolve
Treadclimber,CAM48502 QUBON120HKINGTIC,1/25/2016,1/25/2016,1/25/2016,3,Short Form,Call Center Internal
Treadclimber,CAM48502 QUBON120HKINGTIC,1/26/2016,1/26/2016,1/25/2016,1,Short Form,Call Center Internal
Treadclimber,CAM48502 QUBON120HKINGTIC,1/27/2016,1/27/2016,1/25/2016,1,Short Form,Call Center Internal
Treadclimber,CAM48502 QUBON120HKINGTIC,1/28/2016,1/28/2016,1/25/2016,2,Short Form,Call Center Internal
Treadclimber,CAM48502 QUBON120HKINGTIC,1/29/2016,1/29/2016,1/25/2016,1,Short Form,Call Center Internal
Treadclimber,CAM48502 QUBON120HKINGTIC,1/31/2016,1/31/2016,1/25/2016,2,Short Form,Call Center Internal
Treadclimber,CAM48502 QUBON120HKINGTIC,1/28/2016,1/28/2016,1/25/2016,1,Short Form,Third Party Call Center - Evolve
Treadclimber,CAM48502 QUBON120HKINGTIC,1/30/2016,1/30/2016,1/25/2016,1,Short Form,Third Party Call Center - Evolve
Treadclimber,CAM48503 BRNGN120HKINGTIC,1/27/2016,1/27/2016,1/25/2016,2,Short Form,Call Center Internal
Treadclimber,CAM48503 BRNGN120HKINGTIC,2/19/2016,1/27/2016,1/25/2016,1,Short Form,Call Center Internal
Treadclimber,CAM48503 BRNGN120HKINGTIC,1/29/2016,1/29/2016,1/25/2016,1,Short Form,Call Center Internal
Treadclimber,CAM48503 BRNGN120HKINGTIC,1/30/2016,1/30/2016,1/25/2016,3,Short Form,Call Center Internal
Treadclimber,CAM48503 BRNGN120HKINGTIC,1/29/2016,1/29/2016,1/25/2016,2,Short Form,Third Party Call Center - Evolve
Treadclimber,CAM48503 BRNGN120HKINGTIC,,1/29/2016,1/25/2016,1,Short Form,Third Party Call Center - Evolve
Treadclimber,CAM48504 BABYN120HKINGTIC,1/25/2016,1/25/2016,1/25/2016,1,Short Form,Call Center Internal
Treadclimber,CAM48504 BABYN120HKINGTIC,1/26/2016,1/26/2016,1/25/2016,1,Short Form,Call Center Internal
Treadclimber,CAM48504 BABYN120HKINGTIC,1/28/2016,1/28/2016,1/25/2016,3,Short Form,Call Center Internal
Treadclimber,CAM48504 BABYN120HKINGTIC,1/26/2016,1/26/2016,1/25/2016,1,Short Form,Third Party Call Center - Evolve
Treadclimber,CAM48505 GET*N120HKINGTIC,,1/25/2016,1/25/2016,1,Short Form,Call Center Internal
Treadclimber,CAM48505 GET*N120HKINGTIC,1/29/2016,1/29/2016,1/25/2016,1,Short Form,Call Center Internal
Treadclimber,CAM48507 GAMEN120HKINGTIC,1/25/2016,1/25/2016,1/25/2016,7,Short Form,Call Center Internal
Treadclimber,CAM48507 GAMEN120HKINGTIC,1/26/2016,1/26/2016,1/25/2016,7,Short Form,Call Center Internal
Treadclimber,CAM48507 GAMEN120HKINGTIC,1/27/2016,1/27/2016,1/25/2016,8,Short Form,Call Center Internal
Treadclimber,CAM48507 GAMEN120HKINGTIC,1/28/2016,1/28/2016,1/25/2016,2,Short Form,Call Center Internal
Treadclimber,CAM48508 CZNYN120HKINGTIC,1/25/2016,1/25/2016,1/25/2016,4,Short Form,Call Center Internal
Treadclimber,CAM48508 CZNYN120HKINGTIC,1/26/2016,1/26/2016,1/25/2016,2,Short Form,Call Center Internal
Treadclimber,CAM48508 CZNYN120HKINGTIC,1/27/2016,1/27/2016,1/25/2016,5,Short Form,Call Center Internal
Treadclimber,CAM48508 CZNYN120HKINGTIC,1/28/2016,1/28/2016,1/25/2016,5,Short Form,Call Center Internal
Treadclimber,CAM48508 CZNYN120HKINGTIC,1/29/2016,1/29/2016,1/25/2016,4,Short Form,Call Center Internal
Treadclimber,CAM48508 CZNYN120HKINGTIC,1/30/2016,1/30/2016,1/25/2016,1,Short Form,Call Center Internal
Treadclimber,CAM48508 CZNYN120HKINGTIC,1/31/2016,1/31/2016,1/25/2016,2,Short Form,Call Center Internal
Treadclimber,CAM48508 CZNYN120HKINGTIC,1/27/2016,1/27/2016,1/25/2016,2,Short Form,Third Party Call Center - Evolve
Treadclimber,CAM48508 CZNYN120HKINGTIC,1/28/2016,1/28/2016,1/25/2016,1,Short Form,Third Party Call Center - Evolve
Treadclimber,CAM48508 CZNYN120HKINGTIC,1/30/2016,1/30/2016,1/25/2016,1,Short Form,Third Party Call Center - Evolve
Treadclimber,CAM48508 CZNYN120HKINGTIC,1/31/2016,1/31/2016,1/25/2016,1,Short Form,Third Party Call Center - Evolve
Treadclimber,CAM48509 DCADN120HKINGTIC,1/25/2016,1/25/2016,1/25/2016,1,Short Form,Call Center Internal
Treadclimber,CAM48509 DCADN120HKINGTIC,1/27/2016,1/27/2016,1/25/2016,1,Short Form,Call Center Internal
Treadclimber,CAM48509 DCADN120HKINGTIC,1/28/2016,1/28/2016,1/25/2016,1,Short Form,Call Center Internal
Treadclimber,CAM48509 DCADN120HKINGTIC,1/29/2016,1/29/2016,1/25/2016,2,Short Form,Call Center Internal
Treadclimber,CAM48509 DCADN120HKINGTIC,1/30/2016,1/30/2016,1/25/2016,2,Short Form,Call Center Internal
Treadclimber,CAM48509 DCADN120HKINGTIC,1/31/2016,1/31/2016,1/25/2016,3,Short Form,Call Center Internal
Treadclimber,CAM48509 DCADN120HKINGTIC,1/25/2016,1/25/2016,1/25/2016,1,Short Form,Third Party Call Center - Evolve
Treadclimber,CAM48509 DCADN120HKINGTIC,1/29/2016,1/29/2016,1/25/2016,1,Short Form,Third Party Call Center - Evolve
Treadclimber,CAM48510 TESCN120HKINGTIC,1/25/2016,1/25/2016,1/25/2016,1,Short Form,Call Center Internal
Treadclimber,CAM48510 TESCN120HKINGTIC,1/26/2016,1/26/2016,1/25/2016,1,Short Form,Call Center Internal
Treadclimber,CAM48510 TESCN120HKINGTIC,1/27/2016,1/27/2016,1/25/2016,2,Short Form,Call Center Internal
Treadclimber,CAM48510 TESCN120HKINGTIC,1/28/2016,1/28/2016,1/25/2016,2,Short Form,Call Center Internal
Treadclimber,CAM48510 TESCN120HKINGTIC,1/31/2016,1/31/2016,1/25/2016,6,Short Form,Call Center Internal
Treadclimber,CAM48510 TESCN120HKINGTIC,1/25/2016,1/25/2016,1/25/2016,1,Short Form,Third Party Call Center - Evolve
Treadclimber,CAM48510 TESCN120HKINGTIC,1/30/2016,1/30/2016,1/25/2016,1,Short Form,Third Party Call Center - West
Treadclimber,CAM48512 THISN120HKINGTIC,1/25/2016,1/25/2016,1/25/2016,6,Short Form,Call Center Internal
Treadclimber,CAM48512 THISN120HKINGTIC,1/26/2016,1/26/2016,1/25/2016,2,Short Form,Call Center Internal
Treadclimber,CAM48512 THISN120HKINGTIC,1/27/2016,1/27/2016,1/25/2016,2,Short Form,Call Center Internal
Treadclimber,CAM48512 THISN120HKINGTIC,1/28/2016,1/28/2016,1/25/2016,4,Short Form,Call Center Internal
Treadclimber,CAM48512 THISN120HKINGTIC,1/29/2016,1/29/2016,1/25/2016,4,Short Form,Call Center Internal
Treadclimber,CAM48512 THISN120HKINGTIC,1/30/2016,1/30/2016,1/25/2016,3,Short Form,Call Center Internal
Treadclimber,CAM48512 THISN120HKINGTIC,1/31/2016,1/31/2016,1/25/2016,1,Short Form,Call Center Internal
Treadclimber,CAM48512 THISN120HKINGTIC,1/26/2016,1/26/2016,1/25/2016,2,Short Form,Third Party Call Center - Evolve
Treadclimber,CAM48512 THISN120HKINGTIC,1/27/2016,1/27/2016,1/25/2016,1,Short Form,Third Party Call Center - Evolve
Treadclimber,CAM48512 THISN120HKINGTIC,1/25/2016,1/25/2016,1/25/2016,2,Short Form,Third Party Call Center - West
Treadclimber,CAM48514 DISEN60*HKINGTIC,1/25/2016,1/25/2016,1/25/2016,4,Short Form,Call Center Internal
Treadclimber,CAM48514 DISEN60*HKINGTIC,1/26/2016,1/26/2016,1/25/2016,4,Short Form,Call Center Internal
Treadclimber,CAM48514 DISEN60*HKINGTIC,1/27/2016,1/27/2016,1/25/2016,4,Short Form,Call Center Internal
Treadclimber,CAM48514 DISEN60*HKINGTIC,,1/27/2016,1/25/2016,1,Short Form,Call Center Internal
Treadclimber,CAM48514 DISEN60*HKINGTIC,1/28/2016,1/28/2016,1/25/2016,1,Short Form,Call Center Internal
Bowflex Max Trainer,CAM48514 DISEN60*HKINGTIC,,1/28/2016,1/25/2016,1,Short Form,Call Center Internal
Treadclimber,CAM48514 DISEN60*HKINGTIC,1/29/2016,1/29/2016,1/25/2016,3,Short Form,Call Center Internal
Treadclimber,CAM48515 DWOMN60*HKINGTIC,1/25/2016,1/25/2016,1/25/2016,1,Short Form,Call Center Internal
Treadclimber,CAM48515 DWOMN60*HKINGTIC,1/26/2016,1/26/2016,1/25/2016,2,Short Form,Call Center Internal
Treadclimber,CAM48515 DWOMN60*HKINGTIC,1/27/2016,1/27/2016,1/25/2016,1,Short Form,Call Center Internal
Treadclimber,CAM48515 DWOMN60*HKINGTIC,1/28/2016,1/28/2016,1/25/2016,1,Short Form,Call Center Internal
Treadclimber,CAM48515 DWOMN60*HKINGTIC,1/29/2016,1/29/2016,1/25/2016,3,Short Form,Call Center Internal
Treadclimber,CAM48515 DWOMN60*HKINGTIC,,1/29/2016,1/25/2016,1,Short Form,Call Center Internal
Treadclimber,CAM48515 DWOMN60*HKINGTIC,1/30/2016,1/30/2016,1/25/2016,1,Short Form,Call Center Internal
Treadclimber,CAM48515 DWOMN60*HKINGTIC,1/25/2016,1/25/2016,1/25/2016,1,Short Form,Third Party Call Center - Evolve
Treadclimber,CAM48515 DWOMN60*HKINGTIC,1/28/2016,1/28/2016,1/25/2016,1,Short Form,Third Party Call Center - Evolve
Treadclimber,CAM48515 DWOMN60*HKINGTIC,1/29/2016,1/29/2016,1/25/2016,1,Short Form,Third Party Call Center - Evolve
Treadclimber,CAM48516 DTVLN60*HKINGTIC,1/28/2016,1/28/2016,1/25/2016,2,Short Form,Call Center Internal
Treadclimber,CAM48516 DTVLN60*HKINGTIC,1/29/2016,1/29/2016,1/25/2016,7,Short Form,Call Center Internal
Treadclimber,CAM48516 DTVLN60*HKINGTIC,1/31/2016,1/31/2016,1/25/2016,4,Short Form,Call Center Internal
Treadclimber,CAM48517 LMN*N60*HKINGTIC,1/25/2016,1/25/2016,1/25/2016,5,Short Form,Call Center Internal
Treadclimber,CAM48517 LMN*N60*HKINGTIC,1/26/2016,1/26/2016,1/25/2016,3,Short Form,Call Center Internal
Treadclimber,CAM48517 LMN*N60*HKINGTIC,1/27/2016,1/27/2016,1/25/2016,2,Short Form,Call Center Internal
Treadclimber,CAM48517 LMN*N60*HKINGTIC,,1/28/2016,1/25/2016,1,Short Form,Call Center Internal
Treadclimber,CAM48517 LMN*N60*HKINGTIC,1/29/2016,1/29/2016,1/25/2016,3,Short Form,Call Center Internal
Treadclimber,CAM48517 LMN*N60*HKINGTIC,1/30/2016,1/30/2016,1/25/2016,9,Short Form,Call Center Internal
Treadclimber,CAM48517 LMN*N60*HKINGTIC,1/31/2016,1/31/2016,1/25/2016,7,Short Form,Call Center Internal
Treadclimber,CAM48517 LMN*N60*HKINGTIC,1/25/2016,1/25/2016,1/25/2016,1,Short Form,Third Party Call Center - Evolve
Treadclimber,CAM48517 LMN*N60*HKINGTIC,,1/25/2016,1/25/2016,1,Short Form,Third Party Call Center - Evolve
Treadclimber,CAM48517 LMN*N60*HKINGTIC,1/27/2016,1/27/2016,1/25/2016,3,Short Form,Third Party Call Center - Evolve
Treadclimber,CAM48517 LMN*N60*HKINGTIC,,1/27/2016,1/25/2016,1,Short Form,Third Party Call Center - Evolve
Treadclimber,CAM48517 LMN*N60*HKINGTIC,1/28/2016,1/28/2016,1/25/2016,2,Short Form,Third Party Call Center - Evolve
Treadclimber,CAM48517 LMN*N60*HKINGTIC,,1/29/2016,1/25/2016,1,Short Form,Third Party Call Center - Evolve
Treadclimber,CAM48517 LMN*N60*HKINGTIC,1/25/2016,1/25/2016,1/25/2016,1,Short Form,Third Party Call Center - West
Treadclimber,CAM48518 INSPN180HKINGTIC,1/25/2016,1/25/2016,1/25/2016,12,Short Form,Call Center Internal
Treadclimber,CAM48518 INSPN180HKINGTIC,2/11/2016,1/25/2016,1/25/2016,1,Short Form,Call Center Internal
Treadclimber,CAM48518 INSPN180HKINGTIC,,1/25/2016,1/25/2016,1,Short Form,Call Center Internal
Treadclimber,CAM48518 INSPN180HKINGTIC,1/26/2016,1/26/2016,1/25/2016,5,Short Form,Call Center Internal
Treadclimber,CAM48518 INSPN180HKINGTIC,1/28/2016,1/28/2016,1/25/2016,8,Short Form,Call Center Internal
Treadclimber,CAM48518 INSPN180HKINGTIC,2/28/2016,1/28/2016,1/25/2016,1,Short Form,Call Center Internal
Treadclimber,CAM48518 INSPN180HKINGTIC,,1/28/2016,1/25/2016,1,Short Form,Call Center Internal
Treadclimber,CAM48518 INSPN180HKINGTIC,1/29/2016,1/29/2016,1/25/2016,3,Short Form,Call Center Internal
Treadclimber,CAM48518 INSPN180HKINGTIC,1/31/2016,1/31/2016,1/25/2016,4,Short Form,Call Center Internal
Treadclimber,CAM48518 INSPN180HKINGTIC,,1/25/2016,1/25/2016,1,Short Form,Third Party Call Center - Evolve
Treadclimber,CAM48518 INSPN180HKINGTIC,1/26/2016,1/26/2016,1/25/2016,1,Short Form,Third Party Call Center - Evolve
Treadclimber,CAM48518 INSPN180HKINGTIC,1/27/2016,1/27/2016,1/25/2016,3,Short Form,Third Party Call Center - Evolve
Treadclimber,CAM48518 INSPN180HKINGTIC,1/28/2016,1/28/2016,1/25/2016,1,Short Form,Third Party Call Center - Evolve
Treadclimber,CAM48518 INSPN180HKINGTIC,1/25/2016,1/25/2016,1/25/2016,2,Short Form,Third Party Call Center - West
Treadclimber,CAM48518 INSPN180HKINGTIC,1/28/2016,1/28/2016,1/25/2016,7,Short Form,Third Party Call Center - West
Treadclimber,CAM48519 IONLN180HKINGTIC,1/26/2016,1/26/2016,1/25/2016,3,Short Form,Call Center Internal
Treadclimber,CAM48519 IONLN180HKINGTIC,1/27/2016,1/27/2016,1/25/2016,1,Short Form,Call Center Internal
Treadclimber,CAM48519 IONLN180HKINGTIC,1/28/2016,1/28/2016,1/25/2016,2,Short Form,Call Center Internal
Treadclimber,CAM48519 IONLN180HKINGTIC,1/29/2016,1/29/2016,1/25/2016,1,Short Form,Call Center Internal
Treadclimber,CAM48519 IONLN180HKINGTIC,1/30/2016,1/30/2016,1/25/2016,2,Short Form,Call Center Internal
Treadclimber,CAM48519 IONLN180HKINGTIC,1/31/2016,1/31/2016,1/25/2016,1,Short Form,Call Center Internal
Treadclimber,CAM48519 IONLN180HKINGTIC,1/30/2016,1/30/2016,1/25/2016,1,Short Form,Third Party Call Center - Evolve
Treadclimber,CAM48519 IONLN180HKINGTIC,1/31/2016,1/31/2016,1/25/2016,2,Short Form,Third Party Call Center - Evolve
Treadclimber,CAM48520 DLFEN180HKINGTIC,1/25/2016,1/25/2016,1/25/2016,4,Short Form,Call Center Internal
Treadclimber,CAM48520 DLFEN180HKINGTIC,1/26/2016,1/26/2016,1/25/2016,2,Short Form,Call Center Internal
Treadclimber,CAM48520 DLFEN180HKINGTIC,1/27/2016,1/27/2016,1/25/2016,1,Short Form,Call Center Internal
Treadclimber,CAM48520 DLFEN180HKINGTIC,1/28/2016,1/28/2016,1/25/2016,4,Short Form,Call Center Internal
Treadclimber,CAM48520 DLFEN180HKINGTIC,1/30/2016,1/30/2016,1/25/2016,6,Short Form,Call Center Internal
Treadclimber,CAM48520 DLFEN180HKINGTIC,1/31/2016,1/31/2016,1/25/2016,2,Short Form,Call Center Internal
Treadclimber,CAM48521 HMM*N180HKINGTIC,1/25/2016,1/25/2016,1/25/2016,15,Short Form,Call Center Internal
Treadclimber,CAM48521 HMM*N180HKINGTIC,1/26/2016,1/26/2016,1/25/2016,14,Short Form,Call Center Internal
Treadclimber,CAM48521 HMM*N180HKINGTIC,1/27/2016,1/27/2016,1/25/2016,1,Short Form,Call Center Internal
Treadclimber,CAM48521 HMM*N180HKINGTIC,1/30/2016,1/30/2016,1/25/2016,2,Short Form,Call Center Internal
Treadclimber,CAM48521 HMM*N180HKINGTIC,1/31/2016,1/31/2016,1/25/2016,16,Short Form,Call Center Internal
Treadclimber,CAM48521 HMM*N180HKINGTIC,1/25/2016,1/25/2016,1/25/2016,3,Short Form,Third Party Call Center - Evolve
Treadclimber,CAM48521 HMM*N180HKINGTIC,1/26/2016,1/26/2016,1/25/2016,1,Short Form,Third Party Call Center - Evolve
Treadclimber,CAM48521 HMM*N180HKINGTIC,1/30/2016,1/30/2016,1/25/2016,4,Short Form,Third Party Call Center - Evolve
Treadclimber,CAM48521 HMM*N180HKINGTIC,1/31/2016,1/31/2016,1/25/2016,2,Short Form,Third Party Call Center - Evolve
Treadclimber,CAM48521 HMM*N180HKINGTIC,1/31/2016,1/31/2016,1/25/2016,4,Short Form,Third Party Call Center - West
Treadclimber,CAM48522 CLOON180HKINGTIC,1/26/2016,1/26/2016,1/25/2016,1,Short Form,Call Center Internal
Treadclimber,CAM48522 CLOON180HKINGTIC,1/29/2016,1/29/2016,1/25/2016,1,Short Form,Call Center Internal
Treadclimber,CAM48522 CLOON180HKINGTIC,1/30/2016,1/30/2016,1/25/2016,1,Short Form,Call Center Internal
Treadclimber,CAM48522 CLOON180HKINGTIC,1/31/2016,1/31/2016,1/25/2016,6,Short Form,Call Center Internal
Treadclimber,CAM48522 CLOON180HKINGTIC,,1/31/2016,1/25/2016,1,Short Form,Call Center Internal
Bowflex Max Trainer,CAM48524 CMT*N120JACKDTIC,,1/28/2016,1/25/2016,1,Short Form,Call Center Internal
Treadclimber,CAM48637 P02161STWMNCSYPF,1/25/2016,1/25/2016,1/25/2016,1,Short Form,Call Center Internal
Treadclimber,CAM48637 P02161STWMNCSYPF,1/29/2016,1/29/2016,1/25/2016,1,Short Form,Call Center Internal
Treadclimber,CAM48637 P02161STWMNCSYPF,1/31/2016,1/31/2016,1/25/2016,1,Short Form,Third Party Call Center - Evolve
Bowflex Max Trainer,CAM48691 USA*N60*JACKDTIC,1/25/2016,1/25/2016,1/25/2016,1,Short Form,Call Center Internal
Bowflex Max Trainer,CAM48691 USA*N60*JACKDTIC,1/26/2016,1/26/2016,1/25/2016,2,Short Form,Call Center Internal
Bowflex Max Trainer,CAM48720 MX2*P60*J14FSTIC,1/26/2016,1/26/2016,1/25/2016,1,Short Form,Third Party Call Center - West
Bowflex Max Trainer,CAM48724 MX6*P60*J14FSTIC,1/31/2016,1/31/2016,1/25/2016,1,Short Form,Third Party Call Center - West
Bowflex Max Trainer,CAM48726 MX8*P60*J14FSTIC,1/29/2016,1/29/2016,1/25/2016,1,Short Form,Third Party Call Center - West
Bowflex Max Trainer,CAM48727 MX9*P60*J14FSTIC,1/28/2016,1/28/2016,1/25/2016,1,Short Form,Third Party Call Center - West
Bowflex Max Trainer,CAM48727 MX9*P60*J14FSTIC,1/30/2016,1/30/2016,1/25/2016,1,Short Form,Third Party Call Center - West
Bowflex Max Trainer,CAM48728 MX10P60*J14FSTIC,1/29/2016,1/29/2016,1/25/2016,2,Short Form,Third Party Call Center - West
Bowflex Max Trainer,CAM48728 MX10P60*J14FSTIC,1/30/2016,1/30/2016,1/25/2016,3,Short Form,Third Party Call Center - West
Bowflex Max Trainer,CAM48728 MX10P60*J14FSTIC,2/6/2016,1/30/2016,1/25/2016,1,Short Form,Third Party Call Center - West
Bowflex Max Trainer,CAM48728 MX10P60*J14FSTIC,1/31/2016,1/31/2016,1/25/2016,2,Short Form,Third Party Call Center - West
Bowflex Max Trainer,CAM48730 MX12P60*J14FSTIC,1/25/2016,1/25/2016,1/25/2016,1,Short Form,Third Party Call Center - West
Bowflex Max Trainer,CAM48730 MX12P60*J14FSTIC,1/27/2016,1/27/2016,1/25/2016,2,Short Form,Third Party Call Center - West
Bowflex Max Trainer,CAM48730 MX12P60*J14FSTIC,1/30/2016,1/30/2016,1/25/2016,1,Short Form,Third Party Call Center - West
Bowflex Max Trainer,CAM48730 MX12P60*J14FSTIC,1/31/2016,1/31/2016,1/25/2016,1,Short Form,Third Party Call Center - West
